8.0012
4.1677
2.9506
2.5929
2.3779
2.0625
2.3418
1.5822
1.7500
1.5169
1.3983
1.3314
1.4875
1.3364
1.2500
1.1250
1.2569
1.3604
1.2421
1.5000
1.6138
1.2677
1.2049
1.1250
1.2500
1.1626
1.1784
1.5000
1.2500
1.2083
1.1226
1.1218
1.2468
1.1250
1.5998
1.1419
1.0000
1.1362
1.2759
1.0000
1.0000
1.2500
1.0000
1.0000
1.1411
1.2299
1.0842
1.0000
1.0863
1.0899
1.2500
1.1250
1.1250
1.0000
1.1250
1.1207
1.0000
1.1371
1.0000
1.1571
1.0000
1.0000
1.0705
1.1965
1.4676
1.1228
1.0000
1.0608
1.1250
1.1625
1.1155
1.0610
1.0551
1.0000
1.0000
1.0621
1.0593
1.3750
1.0000
1.0000
1.0542
1.0524
1.1269
1.0778
1.0000
1.1250
1.3750
1.0000
1.1013
1.0000
1.0501
1.1250
1.0000
1.1250
1.0400
1.0681
1.1162
1.0000
1.1250
1.0557
1.1250
1.3750
1.0633
1.0000
1.1683
1.0936
1.0000
1.0000
1.1250
1.1047
1.1718
1.1250
1.0000
1.1250
1.0000
1.3187
1.0000
1.0000
1.0000
1.1341
1.0696
1.1079
1.0823
1.0000
1.0534
1.1250
1.0434
1.0532
1.1250
1.0473
1.0000
1.0000
1.0487
1.1250
1.1250
1.2652
1.0000
1.0000
1.0399
1.1250
1.1125
1.0000
1.1250
1.0324
1.0000
1.0870
1.0000
1.0000
1.3270
1.0000
1.0000
1.1250
1.0000
1.0000
1.0000
1.1608
1.1213
1.1250
1.1386
1.0715
1.2917
1.2500
1.3750
1.0000
1.0000
1.0485
1.1451
1.0000
1.0233
1.0000
1.0000
1.0000
1.0468
1.0000
1.0553
1.0314
1.0000
1.0000
1.0000
1.1249
1.1250
1.0659
1.0000
1.0000
1.0000
1.1250
1.0000
1.0296
1.4649
1.0237
1.0000
1.0682
1.0000
1.0280
1.0000
1.0000
1.0000
1.1387
1.0000
1.1250
1.0000
1.0000
1.0767
1.1113
1.0000
1.0000
1.1250
1.1057
1.0000
1.4789
1.1790
1.0000
1.0000
1.1625
1.0439
1.0000
1.0000
1.0000
1.3305
1.2500
1.0000
1.0000
1.0000
1.0000
1.0000
1.3750
1.0000
1.0000
1.0542
1.0000
1.0000
1.0000
1.0000
1.0000
1.0000
1.0227
1.1250
1.0000
1.0345
1.0000
1.1250
1.0000
1.0777
1.0728
1.0000
1.0000
1.0000
1.0000
1.1087
1.0991
1.0174
1.0000
1.0000
1.1250
1.0000
1.0623
1.1250
1.0000
1.1250
1.0753
1.0000
1.0000
1.0476
1.0839
1.0000
1.0367
1.0000
1.0000
1.0647
1.0000
1.0000
1.0000
1.0243
1.0000
1.3750
1.0504
1.0000
1.0000
1.0000
1.0455
1.0000
1.0000
1.0000
1.0396
1.0000
1.0000
1.0811
1.0000
1.0000
1.0000
1.0000
1.0000
1.0000
1.0000
1.1071
1.0000
1.3590
1.1250
1.0000
1.0286
1.0000
1.0633
1.0197
1.4227
1.0000
1.0000
1.1047
1.0000
1.0000
1.0524
1.1492
1.2124
1.0000
1.0601
1.1250
1.3188
1.1805
1.0672
1.0000
1.0000
1.0175
1.0000
1.0000
1.0000
1.0000
1.0000
1.0000
1.0000
1.0509
1.0000
1.0000
1.2449
1.1250
1.0000
1.0000
1.0000
1.0000
1.0000
1.0203
1.0133
1.0236
1.0000
1.1125
1.1048
1.0751
1.2229
1.0000
1.0000
1.0000
1.0000
1.0000
1.0000
1.2061
1.0414
1.0712
1.0000
1.0000
1.0148
1.0343
1.1195
1.0000
1.1574
1.0345
1.0671
1.0000
1.0000
1.0181
1.0000
1.0000
1.1831
1.0134
1.0000
1.0000
1.0408
1.0000
1.0000
1.1164
1.0000
1.0000
1.0000
1.0000
1.1250
1.0000
1.0000
1.0000
1.0542
1.1250
1.1037
1.2785
1.0000
1.0000
1.1250
1.1250
1.0378
1.0000
1.0000
1.0000
1.0368
1.0000
1.0000
1.0201
1.0330
1.1250
1.0000
1.0441
1.0000
1.0000
1.0000
1.0220
1.0000
1.0000
1.0000
1.0000
1.0000
1.0000
1.1250
1.0326
1.0000
1.0000
1.0000
1.1573
1.0000
1.1990
1.0000
1.0000
1.0936
1.0000
1.6957
1.0000
1.0000
1.0000
1.0000
1.0000
1.0000
1.0000
1.0000
1.0000
1.0000
1.1250
1.0000
1.1642
1.0000
1.0000
1.0000
1.0000
1.0000
1.0000
1.1170
1.0828
1.0699
1.0000
1.0000
1.0484
1.1250
1.8390
1.0000
1.0385
1.3750
1.0187
1.0000
1.1204
1.0000
1.0000
1.0000
1.0000
1.0511
1.0000
1.0000
1.0000
1.0000
1.0000
1.0000
1.0000
1.0000
1.0000
1.0000
1.0000
1.0551
1.0000
1.3298
1.0000
1.0582
1.0000
1.0000
1.0000
1.1080
1.0645
1.0000
1.0000
1.0000
1.0130
1.1756
1.0000
1.0000
1.0000
1.0927
1.0000
1.1250
1.2753
1.1411
1.0349
1.1250
1.1250
1.0000
1.0000
1.0000
1.0000
1.0000
1.0000
1.0284
1.0000
1.0000
1.3477
1.0000
1.0000
1.0000
1.0000
1.0216
1.0000
1.0000
1.0000
1.0238
1.0000
1.0000
1.0000
1.0000
1.0000
1.0000
1.0339
1.0000
1.0000
1.0000
1.1250
1.0000
1.0000
1.0000
1.1250
1.0308
1.0000
1.0000
1.0000
1.0000
1.1250
1.0000
1.0000
1.0292
1.3742
1.0000
1.0666
1.0000
1.0000
1.0178
1.0000
1.0000
1.0000
1.2143
1.0000
1.0000
1.0000
1.0000
1.0000
1.0134
1.0000
1.1916
1.0000
1.0000
1.0000
1.3009
1.0000
1.0000
1.0000
1.1250
1.0000
1.0000
1.0000
1.0000
1.0000
1.0000
1.0243
1.0000
1.1250
1.0000
1.0000
1.0000
1.0078
1.0000
1.0000
1.0731
1.5428
1.0000
1.0000
1.0000
1.0441
1.0427
1.0000
1.0501
1.0000
1.0000
1.0888
1.0000
1.2203
1.0571
1.4585
1.1564
1.0000
1.1250
1.0342
1.0000
1.0169
1.0000
1.0000
1.0914
1.0000
1.0000
1.0000
1.0000
1.0000
1.1009
1.0258
1.1250
1.1237
1.0000
1.0769
1.0000
1.0000
1.0000
1.0000
1.0000
1.0000
1.0000
1.0000
1.0000
1.0791
1.0000
1.0000
1.0000
1.1593
1.0000
1.0000
1.0000
1.0000
1.0000
1.0000
1.0000
1.7336
1.0000
1.0334
1.0000
1.2619
1.0346
1.0897
1.0000
1.0000
1.0000
1.0000
1.0490
1.0000
1.1313
1.0000
1.0000
1.0000
1.0000
1.0000
1.0000
1.0000
1.0000
1.0000
1.0000
1.0000
1.1250
1.0000
1.0995
1.0000
1.0000
1.0000
1.0000
1.0000
1.0000
1.0690
1.0000
1.0000
1.0716
1.0000
1.0000
1.0000
1.0137
1.0163
1.0000
1.0000
1.0000
1.0000
1.0000
1.0000
1.0000
1.0251
1.0000
1.0000
1.0000
1.0000
1.0000
1.0000
1.0520
1.0000
1.1178
1.1250
1.1065
1.0000
1.0000
1.0177
1.0000
1.1250
1.0000
1.0000
1.0000
1.0000
1.1359
1.0000
1.1250
1.0000
1.2307
1.0000
1.0396
1.0000
1.0000
1.0000
1.0000
1.0000
1.0000
1.0000
1.0000
1.0000
1.0000
1.1917
1.0000
1.1250
1.0000
1.0000
1.0819
1.0000
1.0000
1.0000
1.0000
1.0000
1.1108
1.2500
1.0000
1.0000
1.0000
1.0236
1.0582
1.0000
1.0000
1.0000
1.1250
1.0000
1.0000
1.0582
1.0000
1.0902
1.1537
1.0387
1.2876
1.0000
1.0000
1.0000
1.1250
1.0889
1.1618
1.0000
1.0114
1.1250
1.0000
1.3556
1.0000
1.1250
1.0000
1.0000
1.1036
1.0000
1.0000
1.0000
1.0000
1.1492
1.0000
1.0078
1.0000
1.1250
1.0000
1.0000
1.0121
1.0326
1.0000
1.0000
1.0000
1.0000
1.0000
1.0717
1.0194
1.0000
1.1968
1.3750
1.1250
1.0000
1.1076
1.0000
1.0000
1.0473
1.0000
1.0000
1.0000
1.0000
1.0000
1.0000
1.0000
1.0000
1.0000
1.0000
1.0000
1.1082
1.0000
1.0000
1.1250
1.0535
1.1250
1.0000
1.0000
1.0000
1.0147
1.0000
1.1250
1.0000
1.0029
1.0000
1.0000
1.0000
1.0000
1.0000
1.0286
1.0000
1.0000
1.0000
1.2042
1.0486
1.3750
1.0000
1.0000
1.1069
1.0000
1.0000
1.0000
1.3002
1.0373
1.0000
1.0000
1.0000
1.0000
1.0000
1.0000
1.0000
1.0000
1.0000
1.0491
1.0000
1.0000
1.0000
1.0000
1.0000
1.1250
1.0000
1.0489
1.0000
1.1250
1.1250
1.0000
1.0000
1.0000
1.0000
1.0000
1.0000
1.0112
1.0000
1.0000
1.0000
1.0000
1.0000
1.0498
1.0376
1.0000
1.0000
1.0000
1.0000
1.0000
1.0000
1.0000
1.0127
1.1706
1.0000
1.0000
1.0000
1.0000
1.1667
1.0000
1.0000
1.0000
1.0000
1.0000
1.0000
1.0000
1.0000
1.0000
1.1250
1.0000
1.1607
1.0000
1.0000
1.1250
1.0000
1.0389
1.0000
1.1250
1.0000
1.0643
1.0000
1.0000
1.1250
1.0000
1.0173
1.1250
1.1504
1.1250
1.0729
1.0000
1.1250
1.0000
1.0000
1.0000
1.1250
1.0000
1.0000
1.0000
1.0000
1.1880
1.0000
1.0000
1.0000
1.0000
1.0000
1.0000
1.0379
1.0000
1.0000
1.0544
1.0000
1.0000
1.0000
1.0286
1.0000
1.0000
1.0000
1.0000
1.0000
1.1250
1.3750
1.0000
1.0000
1.0000
1.0000
1.1034
1.0000
1.0720
1.0000
1.0000
1.0000
1.0000
1.0000
1.0000
1.0000
1.0000
1.0439
1.0000
1.0000
1.1250
1.0000
1.1467
1.0467
1.0000
1.0762
1.1569
1.0000
1.0713
1.0000
1.0000
1.0000
1.1250
1.0930
1.0000
1.0000
1.0000
1.0000
1.0000
1.0000
1.0000
1.0101
1.0714
1.0000
1.0378
1.0000
1.0052
1.0000
1.0000
1.0000
1.0291
1.0000
1.0000
1.0000
1.0781
1.0000
1.1250
1.0000
1.0000
1.0000
1.0000
1.0104
1.0000
1.0000
1.0000
1.1625
1.0000
1.0650
1.0000
1.0000
1.0000
1.3497
1.1250
1.1250
1.2438
1.0000
1.0000
1.0000
1.0000
1.0000
1.0000
1.0000
1.0000
1.4158
1.1250
1.0000
1.0000
1.0231
1.0000
1.0000
1.0000
1.0000
1.0000
1.0000
1.0000
1.1250
1.0000
1.1250
1.1792
1.0000
1.1250
1.5062
1.0798
1.0000
1.0836
1.0000
1.0154
1.0000
1.0000
1.3171
1.0000
1.3704
1.1026
1.0996
1.1481
1.0102
1.0000
1.1250
1.0000
1.0000
1.0000
1.0578
1.0000
1.0000
1.0000
1.0000
1.0000
1.0000
1.1250
1.0000
1.0000
1.0000
1.0000
1.0000
1.0000
1.0000
1.0000
1.0000
1.0000
1.0000
1.0853
1.0000
1.0000
1.0000
1.0000
1.0000
1.0573
1.1780
1.0000
1.0000
1.0000
1.0614
1.0475
1.1360
1.0174
1.0000
1.0000
1.4662
1.0000
1.0000
1.0000
1.0595
1.0000
1.0000
1.0000
1.0000
1.0000
1.0000
1.0000
1.0000
1.0467
1.0000
1.3750
1.0000
1.0000
1.5409
1.0000
1.0000
1.0000
1.0000
1.0000
1.0210
1.0000
1.0000
1.0000
1.0000
1.0000
1.0922
1.0000
1.0000
1.0000
1.0000
1.1250
1.0000
1.0000
1.2083
1.0943
1.0000
1.1250
1.0000
1.0481
1.0000
1.0000
1.0000
1.0000
1.0000
1.0281
1.0000
1.0000
1.0000
1.0454
1.2500
1.0000
1.0000
1.0246
1.0000
1.0000
1.0000
1.1250
1.0400
1.0000
1.0000
1.0000
1.0826
1.0000
1.0000
1.0000
1.0572
1.0000
1.0000
1.0000
1.0726
1.0000
1.0364
1.3333
1.0000
1.0000
1.0000
1.1456
1.0786
1.0344
1.0000
1.0272
1.0000
1.0360
1.0000
1.0000
1.0000
1.0000
1.0000
1.0000
1.0000
1.0000
1.0000
1.0000
1.0000
1.0000
1.0000
1.0219
1.0000
1.0000
1.1146
1.0351
1.0000
1.0731
1.0000
1.0000
1.0000
1.0000
1.0000
1.1250
1.0000
1.1059
1.0000
1.0000
1.0000
1.0000
1.0064
1.3750
1.0000
1.2204
1.0000
1.0000
1.0274
1.0000
1.0454
1.0000
1.0000
1.1717
1.0000
1.0134
1.0000
1.0000
1.0446
1.0000
1.0000
1.0303
1.0000
1.0000
1.0000
1.3341
1.0000
1.0000
1.1941
1.0000
1.0000
1.0000
1.0000
1.0000
1.0000
1.0000
1.0000
1.0701
1.0000
1.0000
1.1957
1.0000
1.1250
1.0000
1.0464
1.0000
1.0907
1.0323
1.0000
1.3750
1.0000
1.0886
1.0470
1.0000
1.0140
1.0000
1.0000
1.0000
1.0306
1.0000
1.0000
1.0000
1.0000
1.0801
1.0000
1.0000
1.0000
1.1367
1.0875
1.0000
1.0000
1.0000
1.0000
1.0000
1.0000
1.0537
1.0000
1.0000
1.0000
1.4215
1.1481
1.0000
1.0000
1.0000
1.1405
1.0000
1.0000
1.0000
1.0000
1.2500
1.0000
1.0000
1.0000
1.0000
1.1096
1.1008
1.0000
1.0000
1.0704
1.0000
1.0000
1.0000
1.1113
1.0000
1.3300
1.0000
1.0000
1.1353
1.0000
1.0000
1.0000
1.1819
1.0000
1.0000
1.0000
1.0000
1.3982
1.0000
1.0000
1.0000
1.0000
1.0000
1.0000
1.1250
1.0000
1.1179
1.0263
1.0000
1.0000
1.0000
1.0000
1.0000
1.0000
1.0000
1.0985
1.0000
1.0000
1.0000
1.0000
1.0000
1.0000
1.0911
1.0000
1.1250
1.0000
1.0000
1.0000
1.0946
1.0000
1.0425
1.1250
1.0000
1.1250
1.0000
1.0000
1.0434
1.0000
1.1864
1.0000
1.0677
1.0000
1.0057
1.0000
1.0000
1.0000
1.0000
1.0000
1.1789
1.0000
1.0066
1.0000
1.0000
1.0000
1.1250
1.1101
1.0000
1.0000
1.0000
1.0345
1.0000
1.0000
1.0000
1.0934
1.0000
1.0000
1.0000
1.0000
1.1250
1.2932
1.0212
1.1250
1.0000
1.0000
1.0000
1.0513
1.1940
1.1250
1.0000
1.0000
1.0000
1.0000
1.0000
1.0000
1.0000
1.0415
1.0000
1.1361
1.0704
1.0000
1.0293
1.0000
1.0000
1.0000
1.0000
1.0000
1.0000
1.0000
1.0000
1.0000
1.1427
1.0000
1.0000
1.0000
1.0000
1.0000
1.0354
1.0000
1.0313
1.0000
1.0000
1.0000
1.0000
1.0000
1.0000
1.0000
1.0000
1.1586
1.0000
1.0000
1.1250
1.3750
1.0000
1.0000
1.0000
1.0000
1.0000
1.0000
1.0000
1.0452
1.0000
1.0000
1.0000
1.0000
1.1017
1.0352
1.0000
1.0000
1.0000
1.0000
1.0000
1.0000
1.0000
1.0276
1.0000
1.0000
1.0000
1.0000
1.1696
1.0000
1.0000
1.0000
1.0000
1.0000
1.1117
1.0000
1.0629
1.0000
1.0000
1.0000
1.0738
1.0000
1.0000
1.0060
1.0542
1.0000
1.1250
1.0000
1.1031
1.1667
1.0549
1.0408
1.0000
1.0112
1.0000
1.0000
1.0000
1.2500
1.0000
1.0000
1.1250
1.1250
1.0000
1.0000
1.0000
1.0000
1.0000
1.0119
1.0000
1.0000
1.0000
1.0000
1.0000
1.0000
1.0000
1.0757
1.1250
1.0582
1.0000
1.0248
1.7656
1.0000
1.1125
1.0000
1.0384
1.0103
1.0000
1.0000
1.0420
1.0000
1.0000
1.0000
1.0669
1.0280
1.0000
1.0543
1.0255
1.1250
1.1250
1.0000
1.0000
1.0000
1.0000
1.0000
1.0000
1.1250
1.0000
1.0000
1.0000
1.0000
1.0000
1.1250
1.1250
1.0000
1.0000
1.0000
1.7500
1.0000
1.0000
1.0000
1.1250
1.1250
1.0000
1.0840
1.0000
1.0000
1.0000
1.0000
1.0000
1.0000
1.0000
1.0000
1.0000
1.2543
1.0000
1.1163
1.0056
1.1212
1.0082
1.0078
1.0127
1.0000
1.0000
1.0000
1.0000
1.0000
1.0121
1.0000
1.1250
1.0000
1.0000
1.0220
1.1250
1.2170
1.0432
1.0000
1.0000
1.0000
1.0000
1.0000
1.0000
1.0000
1.0000
1.0000
1.0000
1.0613
1.0000
1.0000
1.0000
1.0758
1.1926
1.0000
1.0000
1.0000
1.0000
1.0000
1.1250
1.3163
1.0000
1.0000
1.0000
1.3750
1.0000
1.0000
1.3169
1.0000
1.0000
1.0000
1.0000
1.0152
1.0000
1.1445
1.0000
1.0000
1.1250
1.0000
1.0000
1.0000
1.1250
1.0000
1.0000
1.0109
1.0000
1.0000
1.0096
1.0000
1.0000
1.3342
1.0000
1.0000
1.0615
1.0000
1.0000
1.0000
1.0000
1.1909
1.0000
1.0000
1.0000
1.0000
1.0133
1.0724
1.1250
1.0000
1.0000
1.0000
1.0000
1.0060
1.0000
1.0000
1.0000
1.0000
1.0000
1.0000
1.0000
1.0000
1.0000
1.0287
1.0000
1.0000
1.0000
1.0000
1.2500
1.0000
1.0104
1.0000
1.2505
1.0000
1.1037
1.1250
1.0000
1.0000
1.1250
1.1859
1.0000
1.0281
1.0000
1.0000
1.0250
1.0000
1.0000
1.0000
1.0000
1.0000
1.0000
1.1250
1.0000
1.0194
1.0000
1.0000
1.0000
1.0523
1.0436
1.0000
1.0482
1.0000
1.1858
1.0000
1.0000
1.0000
1.1250
1.6644
1.0000
1.0000
1.0000
1.0000
1.0000
1.0000
1.2005
1.0000
1.0000
1.0000
1.0000
1.0000
1.0000
1.1667
1.0489
1.0000
1.0000
1.5307
1.1046
1.0000
1.0000
1.0000
1.0000
1.0000
1.0000
1.0000
1.0000
1.0000
1.0000
1.1250
1.0000
1.0000
1.0000
1.0000
1.0000
1.0000
1.0000
1.0000
1.0000
1.0000
1.0417
1.0000
1.0000
1.0450
1.3097
1.0000
1.0000
1.0388
1.0889
1.0000
1.1250
1.0000
1.0000
1.0000
1.0000
1.1186
1.0000
1.0801
1.0000
1.0000
1.1250
1.0000
1.0000
1.0000
1.0000
1.0000
1.0434
1.1203
1.1250
1.0000
1.0000
1.0000
1.0000
1.1537
1.0000
1.0323
1.0000
1.0000
1.0000
1.0000
1.0000
1.0000
1.0000
1.0424
1.0404
1.0000
1.0000
1.0162
1.0000
1.0000
1.1157
1.0000
1.0000
1.0000
1.0000
1.0000
1.0089
1.0181
1.0000
1.0000
1.1007
1.0000
1.0000
1.0568
1.0000
1.0000
1.0214
1.0000
1.0000
1.0000
1.0000
1.0000
1.0000
1.0000
1.0000
1.0000
1.0000
1.0000
1.0000
1.0000
1.1250
1.0281
1.0446
1.0000
1.0000
1.1250
1.0000
1.0179
1.0000
1.1142
1.1401
1.0000
1.0000
1.0000
1.0000
1.0000
1.0000
1.0000
1.0000
1.7512
1.0000
1.0000
1.1500
1.0000
1.0096
1.0000
1.0000
1.0000
1.0000
1.0000
1.0000
1.1250
1.0000
1.0000
1.1250
1.3750
1.0000
1.1250
1.0000
1.0336
1.0000
1.0000
1.0000
1.1250
1.0000
1.0646
1.0000
1.1250
1.2729
1.0000
1.0000
1.0000
1.0000
1.0495
1.0000
1.0000
1.0000
1.0000
1.0000
1.0000
1.0000
1.0000
1.0000
1.0215
1.0000
1.0000
1.0000
1.0000
1.0000
1.0000
1.0000
1.0000
1.0000
1.0000
1.0664
1.0000
1.0000
1.0000
1.0148
1.0000
1.1250
1.0000
1.0000
1.1250
1.0199
1.0000
1.0000
1.0000
1.0000
1.1427
1.0000
1.0000
1.0061
1.0881
1.0068
1.0000
1.0000
1.0000
1.0000
1.0000
1.0000
1.1250
1.0000
1.0000
1.0000
1.0000
1.3652
1.0059
1.0000
1.1250
1.0000
1.0000
1.0000
1.0000
1.0000
1.0000
1.0000
1.0000
1.0974
1.0000
1.1250
1.0435
1.0000
1.0000
1.1008
1.0000
1.0000
1.0000
1.0000
1.0000
1.4248
1.0772
1.2500
1.0000
1.0000
1.0000
1.0000
1.0000
1.0000
1.0000
1.0000
1.1250
1.0826
1.0039
1.0497
1.3727
1.1250
1.0860
1.1421
1.1250
1.1797
1.3750
1.0000
1.0000
1.0000
1.1601
1.0291
1.0264
1.0822
1.0000
1.1071
1.0000
1.1576
1.0000
1.0079
1.0000
1.0000
1.1525
1.1436
1.0000
1.0000
