16.0095
8.5308
5.5970
4.5500
3.7961
3.0837
2.7342
2.4828
2.6020
2.1648
2.0009
1.9167
1.9596
1.8610
1.6960
1.6016
1.6461
1.5743
1.5654
1.5625
1.4937
1.4768
1.4251
1.3922
1.4154
1.3813
1.3639
1.3412
1.3050
1.3147
1.2969
1.3651
1.2145
1.2300
1.2848
1.2232
1.2500
1.2206
1.2687
1.1875
1.2226
1.2198
1.1957
1.1964
1.1861
1.2044
1.1955
1.1817
1.1624
1.2124
1.1579
1.1609
1.1452
1.1546
1.1536
1.1576
1.2500
1.1466
1.1377
1.1486
1.1281
1.1875
1.1376
1.1262
1.1297
1.1390
1.1192
1.1250
1.1244
1.1358
1.2083
1.1103
1.1042
1.0625
1.1250
1.1192
1.0982
1.1250
1.1250
1.1275
1.1462
1.0936
1.1119
1.0915
1.1250
1.0912
1.0988
1.1001
1.0912
1.1375
1.0815
1.2500
1.0804
1.0625
1.0881
1.0863
1.0846
1.0727
1.0881
1.0655
1.0784
1.0000
1.0919
1.0697
1.1875
1.0691
1.0000
1.0699
1.0625
1.0804
1.1250
1.0677
1.0785
1.0692
1.0804
1.0768
1.0625
1.1875
1.1250
1.0637
1.0731
1.0000
1.0715
1.0625
1.0577
1.0638
1.0625
1.0625
1.0722
1.0637
1.0723
1.1875
1.0625
1.0561
1.0532
1.0625
1.0000
1.0624
1.1063
1.0625
1.0569
1.0593
1.0000
1.0625
1.0000
1.0625
1.0613
1.0623
1.0517
1.0000
1.0524
1.0625
1.0520
1.0625
1.0937
1.0475
1.0511
1.0535
1.0623
1.0478
1.0697
1.0465
1.0000
1.0000
1.0000
1.0625
1.0487
1.0625
1.0000
1.0458
1.0432
1.0000
1.0545
1.0518
1.0000
1.0453
1.1250
1.0000
1.0625
1.0625
1.0405
1.0000
1.0422
1.0407
1.0000
1.0456
1.0400
1.0625
1.0397
1.0416
1.0412
1.0000
1.0000
1.0000
1.0406
1.0430
1.0625
1.0379
1.0625
1.0625
1.0396
1.1250
1.1250
1.0000
1.0625
1.0000
1.0386
1.0377
1.0389
1.0343
1.0000
1.0625
1.0355
1.0000
1.0596
1.0625
1.0346
1.0625
1.0000
1.0371
1.0000
1.0000
1.0336
1.0625
1.0000
1.0337
1.0000
1.2500
1.0625
1.0000
1.0625
1.0000
1.0312
1.0000
1.0316
1.0315
1.0322
1.0321
1.0319
1.0315
1.0310
1.0625
1.0326
1.0625
1.0312
1.0310
1.0625
1.0000
1.0000
1.0000
1.0625
1.0000
1.0000
1.0291
1.0290
1.0296
1.0312
1.0276
1.0000
1.0000
1.0273
1.0312
1.0277
1.0000
1.0000
1.0286
1.0625
1.0270
1.0286
1.0000
1.0625
1.0304
1.0625
1.0625
1.0286
1.0282
1.0000
1.0000
1.0000
1.0000
1.0000
1.0000
1.0000
1.0262
1.0000
1.0000
1.0000
1.0251
1.0256
1.0274
1.0000
1.0000
1.0000
1.0248
1.0000
1.0000
1.0000
1.0000
1.0625
1.0268
1.0000
1.0241
1.0262
1.0258
1.0625
1.0233
1.0000
1.0000
1.0000
1.0248
1.0625
1.0236
1.0255
1.0000
1.0241
1.0000
1.0000
1.0000
1.0229
1.0230
1.0000
1.0000
1.0219
1.0000
1.0000
1.0000
1.0625
1.0000
1.0000
1.0237
1.0000
1.0220
1.0000
1.0245
1.0625
1.0000
1.0000
1.0237
1.0000
1.0000
1.0000
1.0243
1.0000
1.0210
1.0228
1.0207
1.0222
1.0221
1.0221
1.0222
1.0000
1.0000
1.0000
1.0625
1.0226
1.0625
1.0000
1.0222
1.0000
1.0000
1.0210
1.0201
1.0000
1.0000
1.0000
1.0625
1.0000
1.0213
1.0000
1.0203
1.0625
1.0000
1.0625
1.0000
1.0000
1.0208
1.0625
1.0625
1.0000
1.0000
1.0205
1.0000
1.0200
1.0000
1.0000
1.0000
1.0625
1.0000
1.0000
1.0000
1.0000
1.0000
1.0187
1.0000
1.0186
1.0186
1.0201
1.0000
1.0187
1.0184
1.0199
1.0000
1.0000
1.0000
1.0226
1.0180
1.0000
1.0000
1.0000
1.0000
1.0219
1.0178
1.0000
1.0000
1.0195
1.0000
1.0000
1.0000
1.0625
1.0000
1.0000
1.0625
1.0162
1.0185
1.0188
1.0000
1.0168
1.0000
1.0174
1.0000
1.0000
1.0000
1.0170
1.0000
1.0000
1.0000
1.0000
1.0000
1.0000
1.0000
1.0000
1.0152
1.0000
1.0625
1.0000
1.0000
1.0168
1.0000
1.0625
1.0161
1.0170
1.0000
1.0000
1.0000
1.0000
1.0000
1.0000
1.0147
1.0161
1.0000
1.0162
1.0163
1.0000
1.0150
1.0000
1.0000
1.0151
1.0166
1.0625
1.0000
1.0625
1.0157
1.0000
1.0000
1.0000
1.0000
1.0158
1.0157
1.0150
1.0166
1.0000
1.0000
1.0000
1.0000
1.0000
1.0000
1.0000
1.0165
1.0178
1.0166
1.0152
1.0144
1.0000
1.0000
1.0000
1.0157
1.0157
1.0150
1.0000
1.0000
1.0157
1.0000
1.0000
1.0000
1.0000
1.0000
1.0000
1.0171
1.0149
1.0625
1.0000
1.0000
1.0151
1.0156
1.0000
1.0000
1.0000
1.0000
1.0138
1.0000
1.0150
1.0000
1.0000
1.0000
1.0000
1.0000
1.0000
1.0625
1.0000
1.0000
1.0000
1.0139
1.0000
1.0145
1.0000
1.0143
1.0133
1.0133
1.0138
1.0000
1.0000
1.0000
1.0000
1.0000
1.0625
1.0000
1.0143
1.0000
1.0000
1.0149
1.0000
1.0000
1.0000
1.0133
1.0000
1.0000
1.0000
1.0000
1.0000
1.0000
1.0625
1.0137
1.0000
1.0128
1.0625
1.0000
1.0000
1.0000
1.0000
1.0000
1.0000
1.0140
1.0000
1.0000
1.0135
1.0000
1.0625
1.0000
1.0126
1.0000
1.0000
1.0149
1.0124
1.0129
1.0000
1.0130
1.0000
1.0000
1.0000
1.0000
1.0125
1.0128
1.0144
1.0000
1.0147
1.0000
1.0000
1.0000
1.0000
1.0000
1.0000
1.0625
1.0141
1.0104
1.0000
1.0137
1.0625
1.0129
1.0118
1.0129
1.0000
1.0000
1.0000
1.0000
1.0137
1.0000
1.0000
1.0000
1.0126
1.0000
1.0000
1.0000
1.0000
1.0000
1.0000
1.0122
1.0625
1.0000
1.0000
1.0000
1.0000
1.0000
1.0000
1.0111
1.0000
1.0113
1.0129
1.0000
1.0118
1.0000
1.0000
1.0000
1.0000
1.0125
1.0000
1.0000
1.0131
1.0130
1.0000
1.0000
1.0000
1.0000
1.0000
1.0000
1.0000
1.0000
1.0000
1.0000
1.0094
1.0000
1.0000
1.0112
1.0000
1.0000
1.0000
1.0110
1.0000
1.0123
1.0112
1.0133
1.0107
1.0000
1.0000
1.0000
1.0000
1.0117
1.0000
1.0000
1.0000
1.0113
1.0625
1.0000
1.0000
1.0125
1.0000
1.0108
1.0000
1.0113
1.0000
1.0000
1.0000
1.0000
1.0000
1.0000
1.0101
1.0000
1.0000
1.0000
1.0000
1.1250
1.0000
1.0000
1.0000
1.0625
1.0000
1.0107
1.0000
1.0000
1.0088
1.0000
1.0000
1.0101
1.0000
1.0114
1.0000
1.0000
1.0099
1.0000
1.0106
1.0111
1.0000
1.0105
1.0000
1.0625
1.0121
1.0000
1.0625
1.0000
1.0000
1.0092
1.0000
1.0000
1.0625
1.0000
1.0000
1.0108
1.0000
1.0109
1.0000
1.0000
1.0000
1.0000
1.0000
1.0000
1.0000
1.0000
1.0000
1.0000
1.0097
1.0096
1.0000
1.0094
1.0000
1.0000
1.0000
1.0000
1.0100
1.0113
1.0625
1.0101
1.0000
1.0000
1.0000
1.0625
1.0000
1.0000
1.0000
1.0100
1.0000
1.0000
1.0090
1.0000
1.0000
1.0000
1.0000
1.0000
1.0000
1.0000
1.0101
1.0000
1.0000
1.0000
1.0113
1.0000
1.0000
1.0625
1.0094
1.0000
1.0000
1.0000
1.0000
1.0000
1.0000
1.0000
1.0000
1.0000
1.0000
1.0097
1.0000
1.0000
1.0000
1.0000
1.0098
1.0000
1.0000
1.0000
1.0000
1.0073
1.0084
1.0000
1.0089
1.0097
1.0000
1.0000
1.0000
1.0000
1.0000
1.0095
1.0000
1.0000
1.0000
1.0000
1.0000
1.0091
1.0000
1.0000
1.0094
1.0098
1.0000
1.0000
1.0000
1.0000
1.0000
1.0000
1.0102
1.0000
1.0000
1.0000
1.0000
1.0102
1.0000
1.0000
1.0000
1.0000
1.0099
1.0106
1.0000
1.0000
1.0000
1.0000
1.0000
1.0000
1.0000
1.0000
1.0000
1.0000
1.0625
1.0000
1.0000
1.0000
1.0000
1.0097
1.0000
1.0000
1.0000
1.0000
1.0000
1.0625
1.0000
1.0086
1.0000
1.0000
1.0086
1.0073
1.0000
1.0000
1.0000
1.0000
1.0000
1.0000
1.0000
1.0099
1.0000
1.0000
1.0094
1.0000
1.0000
1.0000
1.0094
1.0000
1.0091
1.0000
1.0625
1.0106
1.0000
1.0625
1.0000
1.0000
1.0000
1.0000
1.0000
1.0087
1.0090
1.0000
1.0000
1.0000
1.0000
1.0000
1.0000
1.0000
1.0082
1.0084
1.0000
1.0000
1.0000
1.0000
1.0000
1.0000
1.0000
1.0000
1.0000
1.0000
1.0070
1.0000
1.0000
1.0077
1.0000
1.0000
1.0000
1.0000
1.0000
1.0000
1.0625
1.0000
1.0000
1.0000
1.0000
1.0000
1.0000
1.0086
1.0000
1.0000
1.0000
1.0077
1.0000
1.0000
1.0000
1.0625
1.0000
1.0000
1.0000
1.0625
1.0084
1.0000
1.0075
1.0000
1.0000
1.0000
1.0000
1.0000
1.0000
1.0000
1.0625
1.0000
1.0067
1.0000
1.0000
1.0000
1.0069
1.0000
1.0000
1.0000
1.0093
1.0000
1.0000
1.0000
1.0000
1.0077
1.0096
1.0000
1.0000
1.0000
1.0000
1.0000
1.0000
1.0000
1.0000
1.0081
1.0000
1.0000
1.0625
1.0000
1.0000
1.0072
1.0000
1.0000
1.0000
1.0000
1.0000
1.0076
1.0054
1.0000
1.0000
1.0000
1.0000
1.0000
1.0000
1.0625
1.0000
1.0000
1.0000
1.0000
1.0000
1.0078
1.0000
1.0625
1.0000
1.0000
1.0068
1.0000
1.0000
1.0000
1.0077
1.0000
1.0000
1.0000
1.0080
1.0068
1.0000
1.0000
1.0000
1.0000
1.0000
1.0000
1.0078
1.0000
1.0076
1.0071
1.0000
1.0000
1.0080
1.0000
1.0000
1.0000
1.0000
1.0000
1.0073
1.0000
1.0000
1.0000
1.0000
1.0000
1.0000
1.0000
1.0000
1.0000
1.0000
1.0000
1.0082
1.0625
1.0000
1.0000
1.0090
1.0000
1.0000
1.0000
1.0000
1.0000
1.0070
1.0000
1.0000
1.0065
1.0000
1.0000
1.0000
1.0000
1.0000
1.0000
1.0000
1.0058
1.0000
1.0066
1.0000
1.0000
1.0000
1.0000
1.0000
1.0061
1.0000
1.0000
1.0071
1.0625
1.0080
1.0000
1.0000
1.0057
1.0000
1.0000
1.0064
1.0000
1.0000
1.0000
1.0000
1.0000
1.0000
1.0625
1.0056
1.0000
1.0000
1.0000
1.0000
1.0000
1.0000
1.0000
1.0000
1.0000
1.0000
1.0000
1.0060
1.0000
1.0071
1.0000
1.0082
1.0000
1.0000
1.0000
1.0000
1.0000
1.0086
1.0000
1.0000
1.0060
1.0000
1.0000
1.0000
1.0000
1.0058
1.0000
1.0000
1.0000
1.0000
1.0077
1.0000
1.0000
1.0000
1.0000
1.0072
1.0000
1.0060
1.0000
1.0000
1.0000
1.0000
1.0000
1.0000
1.0000
1.0000
1.0077
1.0000
1.0000
1.0625
1.0000
1.0000
1.0000
1.0000
1.0000
1.0000
1.0000
1.0000
1.0000
1.0061
1.0000
1.0000
1.0000
1.0000
1.0000
1.0000
1.0000
1.0073
1.0000
1.0000
1.0000
1.0000
1.0000
1.0000
1.0000
1.0060
1.0000
1.0000
1.0000
1.0000
1.0000
1.0065
1.0000
1.0000
1.0000
1.0068
1.0000
1.0000
1.0000
1.0000
1.0000
1.0000
1.0000
1.0000
1.0000
1.0000
1.0000
1.0000
1.0000
1.0000
1.0000
1.0000
1.0000
1.0000
1.0000
1.0000
1.0000
1.0058
1.0000
1.0000
1.0000
1.0000
1.0000
1.0000
1.0074
1.0000
1.0000
1.0000
1.0000
1.0000
1.0000
1.0000
1.0000
1.0073
1.0000
1.0000
1.0000
1.0000
1.0000
1.0000
1.0000
1.0000
1.0000
1.0000
1.0000
1.0053
1.0000
1.0000
1.0000
1.0000
1.0000
1.0000
1.0000
1.0000
1.0000
1.0000
1.0000
1.0000
1.0000
1.0000
1.0000
1.0000
1.0000
1.0000
1.0000
1.0064
1.0000
1.0000
1.0000
1.0000
1.0000
1.0060
1.0000
1.0000
1.0000
1.0000
1.0000
1.0000
1.0000
1.0000
1.0000
1.0000
1.0000
1.0056
1.0000
1.0000
1.0000
1.0074
1.0000
1.0000
1.0000
1.0000
1.0000
1.0062
1.0000
1.0000
1.0000
1.0063
1.0000
1.0000
1.0000
1.0000
1.0000
1.0000
1.0000
1.0000
1.0000
1.0000
1.0044
1.0000
1.0000
1.0000
1.0051
1.0000
1.0000
1.0000
1.0000
1.0000
1.0000
1.0000
1.0000
1.0000
1.0000
1.0000
1.0000
1.0000
1.0000
1.0000
1.0000
1.0000
1.0000
1.0055
1.0000
1.0000
1.0000
1.0000
1.0000
1.0000
1.0000
1.0000
1.0000
1.0055
1.0000
1.0000
1.0054
1.0000
1.0000
1.0000
1.0000
1.0000
1.0000
1.0000
1.0000
1.0064
1.0000
1.0000
1.0043
1.0000
1.0000
1.0000
1.0000
1.0035
1.0000
1.0000
1.0000
1.0000
1.0000
1.0000
1.0048
1.0000
1.0000
1.0058
1.0000
1.0000
1.0000
1.0000
1.0000
1.0000
1.0047
1.0053
1.0045
1.0000
1.0000
1.0000
1.0000
1.0000
1.0000
1.0000
1.0000
1.0000
1.0049
1.0000
1.0000
1.0000
1.0000
1.0000
1.0060
1.0057
1.0000
1.0000
1.0000
1.0060
1.0000
1.0000
1.0000
1.0000
1.0000
1.0000
1.0000
1.0000
1.0051
1.0000
1.0054
1.0000
1.0000
1.0000
1.0000
1.0060
1.0000
1.0000
1.0000
1.0064
1.0058
1.0000
1.0000
1.0000
1.0000
1.0000
1.0000
1.0000
1.0052
1.0000
1.0000
1.0000
1.0000
1.0625
1.0000
1.0052
1.0000
1.0000
1.0000
1.0000
1.0000
1.0000
1.0000
1.0000
1.0039
1.0060
1.0000
1.0000
1.0000
1.0000
1.0000
1.0000
1.0000
1.0000
1.0053
1.0000
1.0000
1.0056
1.0000
1.0000
1.0000
1.0000
1.0057
1.0000
1.0000
1.0000
1.0000
1.0000
1.0000
1.0000
1.0000
1.0000
1.0000
1.0000
1.0000
1.0000
1.0000
1.0000
1.0000
1.0000
1.0000
1.0000
1.0000
1.0000
1.0000
1.0000
1.0000
1.0000
1.0000
1.0000
1.0000
1.0000
1.0000
1.0000
1.0000
1.0000
1.0000
1.0000
1.0000
1.0000
1.0000
1.0000
1.0000
1.0000
1.0000
1.0000
1.0000
1.0000
1.0000
1.0000
1.0000
1.0000
1.0000
1.0050
1.0000
1.0000
1.0625
1.0000
1.0000
1.0000
1.0058
1.0000
1.0054
1.0000
1.0048
1.0057
1.0000
1.0000
1.0000
1.0000
1.0000
1.0000
1.0000
1.0000
1.0000
1.0000
1.0051
1.0000
1.0000
1.0000
1.0000
1.0000
1.0047
1.0000
1.0000
1.0000
1.0000
1.0000
1.0000
1.0000
1.0000
1.0000
1.0000
1.0000
1.0000
1.0000
1.0000
1.0000
1.0000
1.0000
1.0625
1.0000
1.0000
1.0000
1.0000
1.0000
1.0000
1.0000
1.0000
1.0000
1.0000
1.0000
1.0000
1.0000
1.0000
1.0000
1.0000
1.0000
1.0000
1.0000
1.0000
1.0000
1.0000
1.0625
1.0000
1.0000
1.0000
1.0058
1.0000
1.0000
1.0000
1.0000
1.0000
1.0000
1.0000
1.0000
1.0000
1.0000
1.0000
1.0055
1.0000
1.0000
1.0000
1.0000
1.0000
1.0041
1.0625
1.0000
1.0000
1.0000
1.0000
1.0000
1.0000
1.0040
1.0000
1.0000
1.0000
1.0000
1.0000
1.0000
1.0000
1.0000
1.0000
1.0000
1.0045
1.0000
1.0000
1.0039
1.0000
1.0000
1.0000
1.0000
1.0000
1.0000
1.0000
1.0000
1.0000
1.0000
1.0049
1.0000
1.0000
1.0000
1.0061
1.0000
1.0000
1.0000
1.0000
1.0000
1.0000
1.0047
1.0000
1.0000
1.0000
1.0000
1.0000
1.0000
1.0000
1.0000
1.0000
1.0000
1.0000
1.0000
1.0000
1.0000
1.0000
1.0000
1.0000
1.0000
1.0034
1.0000
1.0000
1.0040
1.0000
1.0000
1.0000
1.0000
1.0000
1.0000
1.0000
1.0000
1.0043
1.0000
1.0038
1.0000
1.0044
1.0000
1.0000
1.0000
1.0000
1.0000
1.0052
1.0000
1.0000
1.0000
1.0000
1.0000
1.0000
1.0000
1.0000
1.0000
1.0000
1.0000
1.0000
1.0045
1.0000
1.0000
1.0000
1.0000
1.0000
1.0000
1.0000
1.0000
1.0000
1.0000
1.0000
1.0000
1.0033
1.0000
1.0000
1.0000
1.0000
1.0000
1.0038
1.0050
1.0000
1.0000
1.0000
1.0000
1.0000
1.0032
1.0000
1.0000
1.0000
1.0000
1.0000
1.0000
1.0000
1.0000
1.0000
1.0000
1.0000
1.0000
1.0000
1.0000
1.0000
1.0000
1.0000
1.0000
1.0000
1.0000
1.0044
1.0000
1.0000
1.0000
1.0000
1.0000
1.0000
1.0000
1.0000
1.0000
1.0000
1.0000
1.0000
1.0000
1.0000
1.0000
1.0043
1.0000
1.0000
1.0000
1.0000
1.0000
1.0000
1.0038
1.0000
1.0000
1.0000
1.0000
1.0000
1.0000
1.0000
1.0000
1.0000
1.0000
1.0000
1.0054
1.0000
1.0000
1.0000
1.0000
1.0000
1.0000
1.0043
1.0000
1.0000
1.0000
1.0000
1.0000
1.0021
1.0000
1.0000
1.0000
1.0000
1.0000
1.0000
1.0000
1.0000
1.0000
1.0000
1.0000
1.0000
1.0000
1.0000
1.0000
1.0000
1.0032
1.0000
1.0000
1.0000
1.0000
1.0000
1.0038
1.0000
1.0000
1.0000
1.0000
1.0000
1.0000
1.0040
1.0000
1.0000
1.0000
1.0037
1.0059
1.0000
1.0000
1.0000
1.0000
1.0000
1.0000
1.0000
1.0000
1.0000
1.0000
1.0000
1.0000
1.0000
1.0000
1.0000
1.0000
1.0000
1.0000
1.0000
1.0000
1.0000
1.0000
1.0000
1.0000
1.0000
1.0000
1.0000
1.0000
1.0000
1.0000
1.0000
1.0000
1.0000
1.0000
1.0034
1.0000
1.0000
1.0000
1.0000
1.0000
1.0000
1.0000
1.0000
1.0000
1.0000
1.0000
1.0000
1.0000
1.0000
1.0035
1.0000
1.0000
1.0000
1.0000
1.0000
1.0000
1.0000
1.0000
1.0000
1.0000
1.0047
1.0000
1.0000
1.0055
1.0000
1.0047
1.0000
1.0000
1.0000
1.0000
1.0000
1.0000
1.0000
1.0000
1.0000
1.0000
1.0625
1.0000
1.0000
1.0000
1.0045
1.0000
1.0000
1.0000
1.0000
1.0000
1.0000
1.0000
1.0000
1.0000
1.0000
1.0000
1.0000
1.0000
1.0000
1.0000
1.0000
1.0035
1.0000
1.0000
1.0000
1.0000
1.0000
1.0000
1.0000
1.0000
1.0000
1.0000
1.0000
1.0000
1.0033
1.0055
1.0042
1.0000
1.0000
1.0000
1.0000
1.0000
1.0000
1.0000
1.0034
1.0000
1.0000
1.0000
1.0000
1.0027
1.0000
1.0033
1.0000
1.0000
1.0000
1.0000
1.0000
1.0000
1.0000
1.0000
1.0000
1.0000
1.0041
1.0000
1.0000
1.0000
1.0030
1.0000
1.0000
1.0000
1.0000
1.0000
1.0000
1.0000
1.0000
1.0000
1.0000
1.0000
1.0000
1.0000
1.0000
1.0000
1.0049
1.0000
1.0040
1.0000
1.0036
1.0000
1.0000
1.0000
1.0000
1.0000
1.0000
1.0000
1.0032
1.0000
1.0000
1.0000
1.0000
1.0000
1.0000
1.0000
1.0000
1.0000
1.0000
1.0000
1.0000
1.0000
1.0000
1.0000
1.0000
1.0000
1.0000
1.0000
1.0000
1.0000
1.0000
1.0000
1.0000
1.0000
1.0026
1.0000
1.0000
1.0000
1.0000
1.0000
1.0036
1.0000
1.0000
1.0000
1.0000
1.0000
1.0000
1.0000
1.0000
