64.5333
36.2485
23.3097
17.9424
15.1528
12.5207
10.8005
9.1641
8.9936
7.3073
6.7790
7.0347
7.0736
5.2868
4.8798
4.7441
4.3995
4.1642
4.0692
3.8741
3.7419
3.4718
3.3585
3.6704
3.2136
3.0984
3.0496
3.0058
2.8480
2.7701
2.7312
2.7141
2.5966
2.5271
2.5831
2.6025
2.3901
2.3663
2.2836
2.2158
2.2516
2.1559
2.1920
2.1867
2.0564
2.0458
2.2591
2.3453
2.0071
1.9956
1.9150
2.0071
1.9157
1.8306
1.8287
1.8211
1.8930
1.8551
1.8046
1.7608
1.7474
1.7615
1.7415
1.6950
1.6820
1.7078
1.6457
1.6536
1.6719
1.6183
1.6723
1.6309
1.5976
1.5696
1.5515
1.5545
1.5639
1.5489
1.5464
1.5113
1.5494
1.5290
1.5418
1.5056
1.5075
1.5054
1.5005
1.4788
1.5516
1.4784
1.6667
1.4942
1.5000
1.5320
1.4587
1.3909
1.4210
1.4308
1.3915
1.4690
1.4323
1.4064
1.3889
1.4070
1.4071
1.3737
1.3785
1.3782
1.3837
1.3594
1.3622
1.3683
1.3712
1.3525
1.3414
1.3688
1.3315
1.3620
1.3369
1.3579
1.3397
1.3347
1.3120
1.3184
1.3288
1.3326
1.3066
1.3034
1.3079
1.3022
1.3331
1.4219
1.2906
1.3065
1.2920
1.3241
1.2953
1.2796
1.2818
1.2809
1.2671
1.2618
1.2842
1.2416
1.2696
1.2483
1.2477
1.2568
1.2619
1.2516
1.2499
1.2534
1.2443
1.2509
1.2517
1.2551
1.2536
1.2855
1.2351
1.2273
1.2630
1.2369
1.2374
1.2300
1.2217
1.2305
1.2207
1.3906
1.2111
1.2214
1.2050
1.2120
1.2190
1.2124
1.2283
1.2080
1.2124
1.2100
1.2178
1.2176
1.2214
1.2080
1.1981
1.1889
1.2102
1.2149
1.1983
1.1950
1.1905
1.1836
1.1869
1.1986
1.1983
1.1821
1.1955
1.1896
1.1905
1.1956
1.1904
1.1875
1.1881
1.1857
1.1943
1.1878
1.1741
1.1684
1.1674
1.1772
1.1582
1.1750
1.2033
1.1724
1.1738
1.1624
1.1681
1.1829
1.2812
1.1699
1.1597
1.1720
1.1663
1.1637
1.2812
1.2500
1.1659
1.2656
1.1608
1.1745
1.1622
1.1927
1.1580
1.1551
1.1580
1.2500
1.1499
1.1553
1.1474
1.1492
1.1473
1.1429
1.1472
1.1477
1.1457
1.1488
1.1401
1.1419
1.1362
1.1875
1.1507
1.1250
1.1413
1.1667
1.1348
1.1530
1.1300
1.1409
1.1355
1.1413
1.1418
1.1328
1.1383
1.1369
1.1267
1.1290
1.1244
1.1418
1.1286
1.1423
1.1250
1.1288
1.1366
1.1269
1.1309
1.1287
1.2031
1.2188
1.1250
1.1300
1.1271
1.1313
1.1262
1.1269
1.1275
1.1362
1.2188
1.1401
1.1212
1.1172
1.1195
1.1341
1.1218
1.2031
1.1562
1.1280
1.1205
1.1177
1.1250
1.1058
1.1191
1.1227
1.1562
1.1198
1.1140
1.1188
1.1102
1.1079
1.1276
1.1167
1.1281
1.1072
1.1183
1.1176
1.1458
1.1164
1.1084
1.1120
1.1069
1.1075
1.1069
1.1080
1.1142
1.1083
1.1174
1.1052
1.1105
1.1057
1.1084
1.1719
1.1076
1.1018
1.1053
1.1083
1.1032
1.1070
1.1362
1.1056
1.1211
1.1120
1.0967
1.1017
1.1082
1.1112
1.1064
1.1014
1.1026
1.0907
1.1562
1.1011
1.0976
1.0901
1.0974
1.1030
1.0885
1.1032
1.0952
1.1044
1.1007
1.0965
1.1034
1.0938
1.0991
1.0937
1.0964
1.0922
1.0884
1.0907
1.0940
1.1875
1.1250
1.1094
1.1021
1.0903
1.0903
1.0913
1.0904
1.1017
1.1081
1.0972
1.0898
1.0878
1.0884
1.0833
1.0903
1.0888
1.1562
1.1198
1.0915
1.0900
1.0955
1.0876
1.0889
1.0883
1.1020
1.0990
1.0852
1.0803
1.0876
1.0801
1.0859
1.0833
1.0905
1.0879
1.0737
1.0823
1.0854
1.0975
1.0890
1.0834
1.0781
1.0857
1.0867
1.0872
1.0840
1.0810
1.0846
1.1406
1.0990
1.0821
1.0864
1.0858
1.0803
1.0786
1.0823
1.0760
1.1250
1.0865
1.0781
1.1250
1.0811
1.0845
1.0833
1.0851
1.0765
1.0791
1.0762
1.0811
1.0778
1.0793
1.0781
1.0787
1.1250
1.0690
1.0828
1.0833
1.0733
1.0718
1.0750
1.1094
1.0733
1.1198
1.0625
1.0820
1.0754
1.0657
1.0725
1.0739
1.0769
1.0688
1.0685
1.1406
1.0836
1.0876
1.0736
1.0641
1.1562
1.0724
1.0713
1.0729
1.0724
1.0681
1.0702
1.0661
1.0634
1.0806
1.0692
1.0644
1.0734
1.0723
1.0938
1.0938
1.0710
1.0469
1.1250
1.0692
1.0685
1.0636
1.0704
1.0689
1.0675
1.0656
1.0650
1.0728
1.0696
1.1172
1.0703
1.0842
1.0711
1.0694
1.1094
1.0691
1.0702
1.0658
1.0679
1.0645
1.0938
1.0689
1.0665
1.0643
1.0695
1.0646
1.0709
1.0662
1.0668
1.0693
1.0675
1.0638
1.0662
1.0680
1.0536
1.0640
1.1146
1.0677
1.0674
1.0938
1.0627
1.0637
1.0635
1.0645
1.0659
1.0618
1.0681
1.0676
1.0676
1.0682
1.0632
1.0667
1.0631
1.0588
1.1250
1.0714
1.0641
1.0312
1.1406
1.0781
1.0668
1.0469
1.0719
1.0610
1.0618
1.0938
1.0600
1.0696
1.0640
1.0541
1.0608
1.0500
1.0698
1.0594
1.0501
1.0583
1.0707
1.0625
1.0635
1.0583
1.0570
1.0595
1.0594
1.0587
1.0584
1.0938
1.0644
1.0591
1.0536
1.0642
1.0521
1.0575
1.0582
1.0608
1.0546
1.0677
1.0544
1.0530
1.0573
1.0627
1.0685
1.0469
1.0587
1.0485
1.0594
1.0580
1.0637
1.1094
1.0542
1.0625
1.0595
1.0565
1.1875
1.0542
1.0572
1.0938
1.0568
1.0625
1.0555
1.0479
1.0565
1.0564
1.0781
1.0549
1.0781
1.0625
1.0511
1.1094
1.0535
1.0504
1.0625
1.0540
1.0551
1.0506
1.0554
1.1250
1.0541
1.0542
1.0561
1.0495
1.0541
1.0628
1.0517
1.0531
1.0492
1.0494
1.0938
1.0625
1.0496
1.0514
1.0548
1.0625
1.0766
1.0540
1.1094
1.0781
1.0670
1.0505
1.0511
1.0938
1.0492
1.0522
1.0489
1.0479
1.0512
1.0625
1.0497
1.0520
1.0523
1.0469
1.0494
1.0521
1.0533
1.0469
1.1562
1.0486
1.0508
1.0471
1.0472
1.0497
1.0529
1.0462
1.0781
1.0526
1.0499
1.0476
1.0562
1.1250
1.0434
1.0520
1.0468
1.0938
1.0517
1.0482
1.0469
1.0500
1.0499
1.0518
1.1094
1.0458
1.0499
1.0476
1.0468
1.0523
1.0457
1.0477
1.0625
1.0472
1.0478
1.0000
1.0990
1.0469
1.0520
1.0460
1.0495
1.0481
1.0497
1.0417
1.0521
1.0469
1.0537
1.0469
1.0625
1.0479
1.0471
1.0469
1.0506
1.0469
1.0479
1.0312
1.0463
1.0468
1.0500
1.0452
1.0625
1.0476
1.0312
1.0510
1.0500
1.0452
1.0468
1.0457
1.0515
1.0469
1.0470
1.0474
1.0448
1.0447
1.0625
1.0442
1.0482
1.0625
1.0452
1.0454
1.0481
1.0461
1.0474
1.0781
1.0442
1.0483
1.0436
1.0500
1.0469
1.0501
1.0438
1.0417
1.0451
1.0312
1.0466
1.0469
1.0438
1.0469
1.0431
1.0781
1.0443
1.0677
1.0469
1.0312
1.0522
1.0451
1.0781
1.0833
1.0488
1.1406
1.0424
1.0439
1.0443
1.0312
1.0464
1.0443
1.0419
1.0500
1.0426
1.0411
1.0429
1.0467
1.0455
1.0432
1.0435
1.0417
1.0437
1.0418
1.0418
1.0469
1.0313
1.0469
1.0412
1.0342
1.0417
1.0428
1.0312
1.0401
1.0492
1.0573
1.0469
1.0495
1.0408
1.0573
1.0625
1.0469
1.0396
1.0411
1.0415
1.0625
1.0407
1.0398
1.0388
1.0418
1.0625
1.0398
1.0342
1.0407
1.0399
1.0781
1.0466
1.0385
1.0469
1.0393
1.0373
1.0379
1.0625
1.0378
1.0366
1.0469
1.0387
1.0457
1.0398
1.0397
1.0388
1.0625
1.0397
1.0360
1.0473
1.0406
1.0382
1.0399
1.0346
1.0396
1.0392
1.0312
1.0469
1.0312
1.0400
1.0469
1.0389
1.0321
1.0391
1.0156
1.0625
1.0375
1.0312
1.0328
1.0453
1.0340
1.0382
1.0339
1.0312
1.0469
1.0400
1.0331
1.0328
1.0455
1.0371
1.0377
1.0312
1.0339
1.0381
1.0389
1.0417
1.0356
1.0386
1.0388
1.0346
1.0469
1.0340
1.0372
1.0304
1.0312
1.0384
1.0625
1.0397
1.0469
1.0339
1.0357
1.0312
1.0369
1.0324
1.0375
1.0335
1.0342
1.0342
1.0359
1.0312
1.0360
1.0362
1.0469
1.0369
1.0352
1.0625
1.0312
1.0348
1.0500
1.0349
1.0347
1.0377
1.0358
1.0375
1.0361
1.0325
1.0365
1.0306
1.0350
1.0342
1.0334
1.0312
1.0312
1.0362
1.0312
1.0337
1.0369
1.0334
1.0329
1.0469
1.0219
1.0322
1.0312
1.0469
1.0346
1.0317
1.0345
1.0358
1.0361
1.0300
1.0469
1.0343
1.0625
1.0625
1.0329
1.0306
1.0363
1.0313
1.0373
1.0366
1.0358
1.0341
1.0469
1.0308
1.0331
1.0341
1.0453
1.0156
1.0325
1.0319
1.0417
1.0417
1.0332
1.0321
1.0319
1.0469
1.0345
1.0338
1.0573
1.0325
1.0298
1.0371
1.0312
1.0360
1.0338
1.0332
1.0322
1.0781
1.0312
1.0334
1.0313
1.0331
1.0347
1.0300
1.0312
1.0305
1.0365
1.0333
1.0336
1.0320
1.0348
1.0326
1.0312
1.0344
1.0345
1.0323
1.0000
1.0311
1.0305
1.0313
1.0326
1.0469
1.0299
1.0469
1.0322
1.0320
1.0350
1.0346
1.0333
1.0339
1.0331
1.0303
1.0312
1.0339
1.0312
1.0304
1.0469
1.0313
1.0311
1.0156
1.0317
1.0331
1.0333
1.0361
1.0156
1.0156
1.0312
1.0301
1.0327
1.0335
1.0310
1.0306
1.0469
1.0625
1.0338
1.0322
1.0334
1.0312
1.0330
1.0316
1.0315
1.0301
1.0314
1.0308
1.0312
1.0326
1.0156
1.0312
1.0321
1.0312
1.0469
1.0351
1.0156
1.0469
1.0312
1.0295
1.0313
1.0307
1.0344
1.0352
1.0312
1.0311
1.0000
1.0313
1.0625
1.0312
1.0333
1.0316
1.0347
1.0318
1.0344
1.0417
1.0260
1.0334
1.0469
1.0311
1.0328
1.0313
1.0312
1.0312
1.0310
1.0311
1.0453
1.0469
1.0304
1.0287
1.0296
1.0328
1.0306
1.0303
1.0437
1.0331
1.0469
1.0295
1.0304
1.0318
1.0469
1.0334
1.0625
1.0312
1.0156
1.0293
1.0312
1.0312
1.0312
1.0279
1.0391
1.0000
1.0343
1.0337
1.0312
1.0311
1.0375
1.0304
1.0324
1.0156
1.0312
1.0307
1.0313
1.0322
1.0285
1.0349
1.0298
1.0156
1.0469
1.0314
1.0341
1.0300
1.0312
1.0336
1.0781
1.0264
1.0279
1.0285
1.0305
1.0270
1.0469
1.0333
1.0342
1.0321
1.0284
1.0322
1.0156
1.0313
1.0303
1.0296
1.0156
1.0469
1.0625
1.0287
1.0288
1.0312
1.0321
1.0307
1.0000
1.0781
1.0287
1.0273
1.0156
1.0352
1.0274
1.0331
1.0156
1.0179
1.0268
1.0300
1.0391
1.0156
1.0373
1.0573
1.0277
1.0312
1.0359
1.0314
1.0469
1.0469
1.0312
1.0000
1.0156
1.0156
1.0264
1.0280
1.0286
1.0261
1.0312
1.0304
1.0000
1.0312
1.0262
1.0273
1.0307
1.0156
1.0278
1.0375
1.0313
1.0301
1.0273
1.0270
1.0312
1.0312
1.0312
1.0313
1.0286
1.0469
1.0156
1.0156
1.0303
1.0312
1.0309
1.0312
1.0312
1.0272
1.0156
1.0257
1.0260
1.0252
1.0255
1.0283
1.0262
1.0156
1.0263
1.0265
1.0258
1.0156
1.0312
1.0289
1.0268
1.0261
1.0469
1.0284
1.0313
1.0312
1.0469
1.0249
1.0267
1.0938
1.0272
1.0252
1.0260
1.0312
1.0625
1.0469
1.0263
1.0262
1.0265
1.0267
1.0262
1.0330
1.0254
1.0313
1.0255
1.0391
1.0781
1.0312
1.0300
1.0260
1.0263
1.0326
1.0156
1.0306
1.0156
1.0500
1.0248
1.0156
1.0266
1.0312
1.0255
1.0314
1.0270
1.0261
1.0333
1.0263
1.0261
1.0241
1.0313
1.0257
1.0437
1.0469
1.0253
1.0264
1.0156
1.0521
1.0305
1.0312
1.0315
1.0244
1.0156
1.0156
1.0156
1.0313
1.0255
1.0469
1.0241
1.0313
1.0260
1.0265
1.0270
1.0469
1.0312
1.0312
1.0249
1.0242
1.0250
1.0237
1.0312
1.0469
1.0246
1.0781
1.0321
1.0312
1.0248
1.0257
1.0312
1.0000
1.0247
1.0312
1.0469
1.0245
1.0330
1.0235
1.0156
1.0781
1.0241
1.0246
1.0469
1.0302
1.0255
1.0156
1.0156
1.0234
1.0236
1.0156
1.0237
1.0156
1.0246
1.0305
1.0237
1.0312
1.0312
1.0246
1.0248
1.0297
1.0000
1.0469
1.0258
1.0375
1.0240
1.0312
1.0244
1.0000
1.0312
1.0469
1.0232
1.0313
1.0302
1.0156
1.0312
1.0243
1.0313
1.0312
1.0235
1.0312
1.0156
1.0230
1.0312
1.0232
1.0312
1.0236
1.0469
1.0231
1.0217
1.0227
1.0243
1.0222
1.0000
1.0417
1.0233
1.0223
1.0469
1.0207
1.0156
1.0156
1.0000
1.0156
1.0312
1.0235
1.0226
1.0201
1.0313
1.0245
1.0000
1.0312
1.0469
1.0312
1.0241
1.0226
1.0239
1.0226
1.0236
1.0231
1.0232
1.0238
1.0237
1.0229
1.0182
1.0469
1.0312
1.0625
1.0156
1.0230
1.0000
1.0156
1.0237
1.0231
1.0221
1.0239
1.0200
1.0229
1.0218
1.0156
1.0469
1.0234
1.0312
1.0312
1.0231
1.0469
1.0312
1.0211
1.0230
1.0224
1.0156
1.0156
1.0156
1.0230
1.0156
1.0238
1.0312
1.0156
1.0312
1.0221
1.0225
1.0208
1.0233
1.0233
1.0227
1.0225
1.0152
1.0312
1.0156
1.0228
1.0260
1.0234
1.0162
1.0469
1.0219
1.0223
1.0208
1.0156
1.0230
1.0302
1.0212
1.0218
1.0231
1.0209
1.0228
1.0221
1.0312
1.0312
1.0313
1.0156
1.0152
1.0214
1.0226
1.0193
1.0156
1.0212
1.0213
1.0229
1.0211
1.0220
1.0000
1.0312
1.0156
1.0297
1.0211
1.0312
1.0156
1.0156
1.0156
1.0226
1.0212
1.0223
1.0156
1.0312
1.0221
1.0156
1.0000
1.0214
1.0222
1.0312
1.0000
1.0234
1.0210
1.0171
1.0469
1.0312
1.0208
1.0210
1.0188
1.0312
1.0313
1.0198
1.0781
1.0156
1.0206
1.0216
1.0209
1.0216
1.0214
1.0312
1.0177
1.0213
1.0198
1.0215
1.0312
1.0156
1.0312
1.0221
1.0208
1.0156
1.0179
1.0216
1.0184
1.0218
1.0204
1.0185
1.0223
1.0189
1.0201
1.0469
1.0208
1.0207
1.0417
1.0200
1.0204
1.0217
1.0156
1.0194
1.0203
1.0469
1.0156
1.0000
1.0210
1.0156
1.0221
1.0212
1.0213
1.0304
1.0469
1.0156
1.0156
1.0234
1.0208
1.0156
1.0000
1.0202
1.0218
1.0312
1.0156
1.0312
1.0469
1.0202
1.0202
1.0375
1.0156
1.0220
1.0210
1.0217
1.0213
1.0000
1.0156
1.0187
1.0187
1.0194
1.0625
1.0206
1.0208
1.0210
1.0198
1.0207
1.0234
1.0211
1.0199
1.0212
1.0211
1.0191
1.0219
1.0198
1.0158
1.0177
1.0297
1.0164
1.0312
1.0220
1.0190
1.0000
1.0234
1.0164
1.0000
1.0176
1.0173
1.0207
1.0156
1.0201
1.0156
1.0156
1.0156
1.0202
1.0469
1.0152
1.0625
1.0000
1.0153
1.0156
1.0000
1.0216
1.0205
1.0206
1.0168
1.0312
1.0186
1.0000
1.0156
1.0000
1.0156
1.0196
1.0312
1.0156
1.0154
1.0312
1.0177
1.0204
1.0000
1.0156
1.0000
1.0161
1.0312
1.0156
1.0195
1.0169
1.0156
1.0208
1.0190
1.0312
1.0210
1.0156
1.0200
1.0210
1.0313
1.0156
1.0175
1.0196
1.0163
1.0193
1.0198
1.0156
1.0203
1.0000
1.0156
1.0168
1.0156
1.0197
1.0156
1.0208
1.0196
1.0168
1.0199
1.0172
1.0174
1.0195
1.0312
1.0204
1.0312
1.0187
1.0000
1.0312
1.0156
1.0155
1.0156
1.0000
1.0191
1.0196
1.0182
1.0190
1.0156
1.0152
1.0000
1.0198
1.0156
1.0187
1.0196
1.0312
1.0156
1.0312
1.0169
1.0148
1.0156
1.0156
1.0177
1.0312
1.0156
1.0156
1.0156
1.0214
1.0000
1.0186
1.0154
1.0312
1.0152
1.0156
1.0156
1.0000
1.0312
1.0312
1.0312
1.0469
1.0175
1.0152
1.0156
1.0155
1.0182
1.0156
1.0173
1.0176
1.0000
1.0156
1.0175
1.0156
1.0312
1.0175
1.0200
1.0184
1.0183
1.0195
1.0156
1.0177
1.0156
1.0156
1.0312
1.0000
1.0141
1.0200
1.0158
1.0177
1.0469
1.0177
1.0181
1.0172
1.0312
1.0168
1.0181
1.0469
1.0156
1.0192
1.0168
1.0203
1.0186
1.0173
1.0260
1.0000
1.0312
1.0000
1.0000
1.0178
1.0164
1.0184
1.0000
1.0152
1.0179
1.0156
1.0313
1.0469
1.0156
1.0312
1.0156
1.0000
1.0156
1.0175
1.0188
1.0157
1.0000
1.0168
1.0191
1.0156
1.0174
1.0312
1.0156
1.0000
1.0156
1.0000
1.0176
1.0184
1.0197
1.0156
1.0189
1.0156
1.0191
1.0000
1.0156
1.0162
1.0167
1.0176
1.0187
1.0173
1.0156
1.0000
1.0151
1.0156
1.0156
1.0156
1.0154
1.0000
1.0156
1.0153
1.0152
1.0000
1.0182
1.0000
1.0156
1.0184
1.0469
1.0312
1.0312
1.0191
1.0308
1.0200
1.0151
1.0000
1.0159
1.0196
1.0161
1.0156
1.0156
1.0152
1.0176
1.0156
1.0156
1.0202
1.0156
1.0000
1.0156
1.0000
1.0156
1.0184
1.0208
1.0174
1.0171
1.0312
1.0143
1.0164
1.0162
1.0195
1.0152
1.0177
1.0165
1.0175
1.0781
1.0156
1.0153
1.0156
1.0469
1.0156
1.0193
1.0155
1.0156
1.0152
1.0172
1.0156
1.0151
1.0152
1.0312
1.0176
1.0000
1.0172
1.0000
1.0150
1.0143
1.0177
1.0152
1.0176
1.0000
1.0312
1.0375
1.0156
1.0156
1.0156
1.0000
1.0156
1.0312
1.0156
1.0164
1.0177
1.0167
1.0174
1.0000
1.0156
1.0153
1.0156
1.0169
1.0000
1.0182
1.0156
1.0156
1.0156
1.0156
1.0156
1.0000
1.0469
1.0173
1.0156
1.0155
1.0156
1.0234
1.0152
1.0201
1.0162
1.0164
1.0156
1.0175
1.0164
1.0167
1.0165
1.0000
1.0156
1.0156
1.0164
1.0312
1.0170
1.0158
1.0156
1.0469
1.0156
1.0156
1.0164
1.0169
1.0312
1.0469
1.0178
1.0167
1.0158
1.0178
1.0176
1.0156
1.0156
1.0156
1.0152
1.0171
1.0156
1.0160
1.0149
1.0156
1.0183
1.0313
1.0177
1.0156
1.0152
1.0312
1.0156
1.0156
1.0166
1.0154
1.0171
1.0000
1.0156
1.0156
1.0312
1.0312
1.0000
1.0152
1.0000
1.0188
1.0156
1.0000
1.0180
1.0156
1.0156
1.0188
1.0156
1.0313
1.0141
1.0156
1.0177
1.0152
1.0000
1.0312
1.0155
1.0156
1.0156
1.0161
1.0163
1.0161
1.0312
1.0167
1.0000
1.0177
1.0000
1.0162
1.0155
1.0156
1.0625
1.0000
1.0156
1.0156
1.0156
1.0169
1.0260
1.0156
1.0156
1.0153
1.0133
1.0152
1.0156
1.0469
1.0156
1.0156
1.0162
1.0148
1.0152
1.0156
1.0156
1.0150
1.0000
1.0156
1.0141
1.0312
1.0156
1.0151
1.0000
1.0156
1.0312
1.0156
1.0156
1.0156
1.0146
1.0156
1.0162
1.0156
1.0312
1.0000
1.0000
1.0185
