32.0727
17.0887
11.4349
8.8290
7.0238
6.2553
5.0752
4.6064
4.4873
3.8116
3.4520
3.2786
3.0979
2.9182
2.8233
2.6284
2.4340
2.3985
2.2914
2.1902
2.1697
2.0735
2.0244
2.0049
1.9831
1.9241
1.8371
1.8191
1.7594
1.9375
1.6616
1.6913
1.7050
1.6607
1.6549
1.5978
1.6222
1.5600
1.5193
1.5335
1.4870
1.4701
1.4267
1.4892
1.4691
1.4628
1.4968
1.4138
1.4020
1.3777
1.3874
1.3727
1.3874
1.3980
1.3762
1.3529
1.3593
1.2500
1.3104
1.3270
1.3094
1.3225
1.3230
1.2939
1.2878
1.2946
1.2841
1.2728
1.2500
1.2433
1.2714
1.2342
1.2648
1.2533
1.2592
1.2409
1.2436
1.2213
1.2265
1.2031
1.2317
1.2333
1.2137
1.2323
1.2157
1.2183
1.2044
1.2082
1.2017
1.1996
1.2011
1.1961
1.2027
1.1789
1.1887
1.1934
1.1768
1.1882
1.1823
1.1902
1.2500
1.1861
1.1853
1.1859
1.1545
1.1683
1.1638
1.1600
1.1569
1.1562
1.1483
1.1771
1.1492
1.1534
1.1291
1.1553
1.1880
1.1502
1.1475
1.1417
1.2312
1.1450
1.1338
1.1875
1.1519
1.1339
1.1379
1.1314
1.2031
1.1360
1.1355
1.1377
1.1294
1.1308
1.0938
1.2500
1.1875
1.1381
1.1288
1.1221
1.1233
1.1261
1.1146
1.1346
1.1562
1.1062
1.1250
1.1562
1.1250
1.1139
1.1121
1.1105
1.1148
1.1079
1.1079
1.1146
1.0938
1.1053
1.1060
1.1065
1.1344
1.1006
1.1061
1.1146
1.1047
1.1237
1.1068
1.1875
1.1250
1.1250
1.1116
1.0988
1.0992
1.1024
1.0948
1.2188
1.1354
1.1030
1.1028
1.1002
1.0969
1.1042
1.0889
1.1012
1.0926
1.1060
1.1146
1.1146
1.0889
1.0869
1.0941
1.1022
1.0864
1.0826
1.0914
1.1015
1.0866
1.0836
1.0818
1.0827
1.0837
1.0625
1.0785
1.0810
1.0824
1.0626
1.0794
1.0938
1.0893
1.0938
1.1875
1.0763
1.0674
1.0778
1.0760
1.0594
1.0718
1.0938
1.0752
1.1562
1.0625
1.0944
1.0728
1.0642
1.0695
1.0625
1.0773
1.0833
1.0772
1.0625
1.0746
1.0669
1.0637
1.0646
1.0680
1.0737
1.0719
1.1250
1.0580
1.0594
1.0619
1.0000
1.0704
1.0677
1.0674
1.0822
1.0625
1.0629
1.0673
1.0938
1.0703
1.0619
1.0625
1.0688
1.0666
1.0676
1.0641
1.0666
1.0638
1.0625
1.0649
1.0971
1.0665
1.0625
1.0938
1.0833
1.0647
1.0585
1.0781
1.0312
1.0656
1.0655
1.0625
1.0938
1.0625
1.0639
1.0670
1.0562
1.0662
1.0938
1.0672
1.0566
1.0833
1.0625
1.0572
1.0625
1.0564
1.0549
1.0726
1.0555
1.0570
1.0569
1.0312
1.0531
1.0651
1.0312
1.0312
1.0000
1.0544
1.0554
1.0312
1.0543
1.0538
1.0659
1.0938
1.0527
1.0539
1.0469
1.0556
1.0503
1.0521
1.0520
1.0625
1.0606
1.0312
1.0520
1.0509
1.0833
1.0625
1.0625
1.0511
1.0508
1.0498
1.0520
1.0938
1.0508
1.0625
1.0625
1.0312
1.0492
1.0491
1.0479
1.0502
1.0492
1.0471
1.0490
1.1250
1.0493
1.0489
1.0625
1.0625
1.0459
1.0482
1.0464
1.0470
1.0487
1.0464
1.0494
1.0000
1.0471
1.0451
1.0937
1.0000
1.1562
1.0938
1.0312
1.0312
1.0312
1.0460
1.0438
1.0446
1.0625
1.0448
1.0448
1.0440
1.0436
1.0423
1.0000
1.0000
1.0459
1.0281
1.0444
1.0438
1.0440
1.0435
1.0312
1.0439
1.0562
1.0426
1.0431
1.0312
1.0521
1.0420
1.0938
1.0424
1.0421
1.0419
1.0413
1.0312
1.0421
1.0391
1.0000
1.0312
1.0416
1.0417
1.0329
1.0000
1.0408
1.0312
1.0393
1.0347
1.0411
1.0312
1.0312
1.0359
1.0379
1.0938
1.0625
1.0303
1.0373
1.0312
1.0318
1.0314
1.0594
1.0409
1.0312
1.0312
1.0323
1.0469
1.0382
1.0391
1.0363
1.0379
1.0381
1.0383
1.0374
1.0000
1.0379
1.0357
1.0325
1.0366
1.0386
1.0380
1.0625
1.0625
1.0625
1.0329
1.0309
1.0000
1.0625
1.0312
1.0312
1.0357
1.0312
1.0312
1.0000
1.0381
1.0362
1.0312
1.0370
1.0341
1.0625
1.0318
1.0625
1.0312
1.0306
1.0312
1.0334
1.0312
1.0336
1.0438
1.0312
1.0360
1.0331
1.0341
1.0312
1.0312
1.0335
1.0312
1.0000
1.0312
1.0625
1.0330
1.0358
1.0341
1.0363
1.0312
1.0312
1.0312
1.0000
1.0000
1.0310
1.0000
1.0000
1.0312
1.0359
1.0312
1.0330
1.0305
1.0343
1.0312
1.0316
1.0625
1.0000
1.0321
1.0312
1.0324
1.0312
1.0313
1.0381
1.0312
1.0308
1.0322
1.0322
1.0305
1.0000
1.0000
1.0309
1.0337
1.0000
1.0000
1.0304
1.0625
1.0000
1.0312
1.0000
1.1875
1.0312
1.1250
1.0938
1.0307
1.0000
1.0000
1.0339
1.0625
1.0312
1.0274
1.0312
1.0301
1.0938
1.0345
1.0312
1.0322
1.0312
1.0298
1.0312
1.0313
1.0307
1.0312
1.0312
1.0315
1.0316
1.0296
1.0295
1.0625
1.0000
1.0319
1.0000
1.0311
1.0312
1.0296
1.0438
1.0000
1.0317
1.0303
1.0338
1.0469
1.0302
1.0312
1.0000
1.0625
1.0312
1.0317
1.0312
1.0356
1.0312
1.0312
1.0000
1.0000
1.0312
1.0312
1.0305
1.0305
1.0312
1.0312
1.0282
1.0312
1.0000
1.0000
1.0312
1.0273
1.0312
1.0000
1.0306
1.0300
1.0312
1.0000
1.0625
1.0312
1.0625
1.0258
1.0312
1.0312
1.0312
1.0252
1.0322
1.0304
1.0303
1.0417
1.0270
1.0252
1.0312
1.0281
1.0312
1.0267
1.0938
1.0391
1.0257
1.0307
1.0312
1.0338
1.0438
1.0000
1.0312
1.0304
1.0262
1.0312
1.0336
1.0000
1.0000
1.0938
1.0313
1.0248
1.0245
1.0625
1.0312
1.0312
1.0311
1.0321
1.0312
1.0000
1.0355
1.0312
1.0269
1.0312
1.0243
1.0253
1.0228
1.0317
1.0256
1.0242
1.0259
1.0315
1.0000
1.0312
1.0000
1.0267
1.0233
1.0625
1.0312
1.0242
1.0312
1.0312
1.0000
1.0250
1.0312
1.0222
1.0313
1.0237
1.0000
1.0000
1.0232
1.0307
1.0231
1.0000
1.0000
1.0241
1.0312
1.0312
1.0312
1.0312
1.0222
1.0303
1.0312
1.0000
1.0000
1.0230
1.0236
1.0000
1.0000
1.0243
1.0228
1.0228
1.0302
1.0235
1.0230
1.0301
1.0312
1.0226
1.0224
1.0305
1.0625
1.0000
1.0226
1.0230
1.0233
1.0625
1.0312
1.0332
1.0000
1.0000
1.0207
1.0000
1.0312
1.0000
1.0227
1.0223
1.0234
1.0312
1.0000
1.0312
1.0223
1.0000
1.0625
1.0227
1.0000
1.0000
1.0223
1.0000
1.0210
1.0228
1.0312
1.0312
1.0231
1.0313
1.0312
1.0312
1.0000
1.0000
1.0312
1.0218
1.0213
1.0312
1.0206
1.0469
1.0000
1.0228
1.0222
1.0000
1.0000
1.0203
1.0312
1.0312
1.0212
1.0312
1.0312
1.0303
1.0217
1.0227
1.0210
1.0521
1.0938
1.0312
1.0215
1.0213
1.0222
1.0213
1.0200
1.0000
1.0000
1.0304
1.0196
1.0000
1.0208
1.0182
1.0312
1.0208
1.0322
1.0312
1.0226
1.0200
1.0313
1.0324
1.0938
1.0000
1.0312
1.0000
1.0219
1.0214
1.0208
1.0199
1.0312
1.0203
1.0000
1.0207
1.0199
1.0206
1.0312
1.0185
1.0223
1.0312
1.0196
1.0000
1.0202
1.0209
1.0198
1.0312
1.0203
1.0205
1.0193
1.0198
1.0214
1.0202
1.0625
1.0521
1.0202
1.0196
1.0191
1.0000
1.0206
1.0312
1.0191
1.0312
1.0191
1.0312
1.0312
1.0000
1.0000
1.0312
1.0199
1.0625
1.0193
1.0625
1.0312
1.0188
1.0199
1.0000
1.0312
1.0000
1.0303
1.0625
1.0190
1.0312
1.0187
1.0625
1.0000
1.0312
1.0000
1.0000
1.0312
1.0521
1.0181
1.0312
1.0000
1.0183
1.0195
1.0000
1.0000
1.0188
1.0000
1.0000
1.0000
1.0000
1.0312
1.0186
1.0312
1.0192
1.0521
1.0182
1.0312
1.0179
1.0000
1.0000
1.0180
1.0176
1.0000
1.0191
1.0312
1.0180
1.0186
1.0174
1.0000
1.0000
1.0172
1.0174
1.0000
1.0188
1.0000
1.0000
1.0000
1.0000
1.0625
1.0177
1.0000
1.0196
1.0312
1.0000
1.0000
1.0312
1.0312
1.0625
1.0312
1.0175
1.0000
1.0312
1.0169
1.0165
1.0000
1.0000
1.0000
1.0312
1.0189
1.0184
1.0156
1.0312
1.0000
1.0175
1.0184
1.0000
1.0000
1.0000
1.0179
1.0312
1.0000
1.0000
1.0000
1.0167
1.0169
1.0000
1.0165
1.0168
1.0312
1.0000
1.0183
1.0171
1.0312
1.0176
1.0000
1.0180
1.0000
1.0312
1.0000
1.0159
1.0000
1.0177
1.0182
1.0166
1.0000
1.0312
1.0000
1.0172
1.0158
1.0175
1.0312
1.0169
1.0163
1.0625
1.0166
1.0000
1.0000
1.0162
1.0165
1.0000
1.0169
1.0175
1.0000
1.0174
1.0174
1.0000
1.0154
1.0312
1.0165
1.0000
1.0160
1.0167
1.0000
1.0938
1.0312
1.0157
1.0312
1.0000
1.0312
1.0164
1.0160
1.0312
1.0000
1.0161
1.0000
1.0000
1.0159
1.0281
1.0000
1.0163
1.0000
1.0312
1.0000
1.0161
1.0000
1.0162
1.0153
1.0000
1.0312
1.0000
1.0000
1.0312
1.0312
1.0312
1.0000
1.0000
1.0150
1.0150
1.0149
1.0163
1.0155
1.0159
1.0000
1.0312
1.0000
1.0312
1.0313
1.0312
1.0000
1.0157
1.0000
1.0159
1.0163
1.0000
1.0148
1.0158
1.0000
1.0312
1.0000
1.0161
1.0155
1.0000
1.0154
1.0162
1.0000
1.0000
1.0159
1.0144
1.0312
1.0312
1.0000
1.0312
1.0158
1.0000
1.0000
1.0000
1.0312
1.0000
1.0312
1.0000
1.0312
1.0000
1.0000
1.0000
1.0625
1.0000
1.0000
1.0161
1.0000
1.0000
1.0000
1.0160
1.0000
1.0000
1.0000
1.0000
1.0000
1.0000
1.0312
1.0000
1.0312
1.0148
1.0312
1.0312
1.0144
1.0312
1.0000
1.0000
1.0149
1.0312
1.0145
1.0143
1.0000
1.0312
1.0161
1.0144
1.0938
1.0312
1.0144
1.0000
1.0143
1.0000
1.0149
1.0148
1.0147
1.0141
1.0000
1.0000
1.0135
1.0000
1.0144
1.0150
1.0000
1.0000
1.0312
1.0312
1.0148
1.0138
1.0000
1.0139
1.0312
1.0312
1.0144
1.0139
1.0000
1.0000
1.0000
1.0312
1.0149
1.0000
1.0312
1.0136
1.0000
1.0132
1.0137
1.0145
1.0137
1.0144
1.0312
1.0000
1.0312
1.0148
1.0281
1.0130
1.0000
1.0143
1.0128
1.0312
1.0141
1.0000
1.0000
1.0000
1.0000
1.0138
1.0000
1.0000
1.0145
1.0135
1.0000
1.0000
1.0000
1.0139
1.0000
1.0133
1.0141
1.0000
1.0135
1.0000
1.0000
1.0146
1.0312
1.0000
1.0145
1.0312
1.0000
1.0137
1.0000
1.0312
1.0000
1.0000
1.0000
1.0139
1.0139
1.0133
1.0000
1.0000
1.0147
1.0312
1.0312
1.0133
1.0312
1.0000
1.0139
1.0136
1.0127
1.0128
1.0000
1.0312
1.0000
1.0133
1.0312
1.0000
1.0127
1.0312
1.0000
1.0000
1.0000
1.0000
1.0127
1.0000
1.0000
1.0312
1.0000
1.0000
1.0000
1.0000
1.0000
1.0000
1.0000
1.0136
1.0000
1.0132
1.0000
1.0000
1.0000
1.0132
1.0000
1.0140
1.0123
1.0312
1.0000
1.0000
1.0000
1.0000
1.0000
1.0312
1.0312
1.0000
1.0124
1.0000
1.0128
1.0135
1.0000
1.0312
1.0133
1.0000
1.0129
1.0114
1.0127
1.0123
1.0000
1.0000
1.0000
1.0130
1.0000
1.0127
1.0312
1.0000
1.0000
1.0000
1.0000
1.0000
1.0000
1.0124
1.0000
1.0312
1.0312
1.0126
1.0312
1.0312
1.0312
1.0312
1.0123
1.0000
1.0000
1.0312
1.0128
1.0000
1.0312
1.0000
1.0130
1.0123
1.0127
1.0000
1.0118
1.0124
1.0000
1.0625
1.0000
1.0132
1.0000
1.0127
1.0128
1.0128
1.0121
1.0000
1.0000
1.0000
1.0312
1.0120
1.0000
1.0122
1.0134
1.0000
1.0000
1.0000
1.0120
1.0000
1.0000
1.0122
1.0000
1.0281
1.0119
1.0000
1.0000
1.0000
1.0625
1.0000
1.0126
1.0000
1.0000
1.0126
1.0312
1.0000
1.0000
1.0122
1.0118
1.0000
1.0000
1.0312
1.0118
1.0312
1.0000
1.0000
1.0000
1.0108
1.0312
1.0116
1.0281
1.0000
1.0110
1.0312
1.0122
1.0000
1.0000
1.0000
1.0000
1.0124
1.0114
1.0000
1.0130
1.0000
1.0000
1.0000
1.0000
1.0281
1.0312
1.0000
1.0000
1.0312
1.0000
1.0109
1.0000
1.0000
1.0000
1.0000
1.0119
1.0000
1.0000
1.0129
1.0000
1.0000
1.0000
1.0000
1.0000
1.0119
1.0122
1.0110
1.0118
1.0000
1.0113
1.0000
1.0115
1.0000
1.0109
1.0312
1.0111
1.0102
1.0000
1.0000
1.0114
1.0103
1.0124
1.0116
1.0000
1.0000
1.0000
1.0110
1.0000
1.0312
1.0109
1.0312
1.0112
1.0107
1.0122
1.0312
1.0000
1.0113
1.0105
1.0000
1.0107
1.0000
1.0112
1.0000
1.0000
1.0116
1.0312
1.0000
1.0000
1.0106
1.0000
1.0000
1.0312
1.0000
1.0000
1.0000
1.0123
1.0312
1.0000
1.0111
1.0000
1.0312
1.0312
1.0312
1.0312
1.0118
1.0312
1.0104
1.0312
1.0000
1.0000
1.0000
1.0115
1.0000
1.0000
1.0312
1.0000
1.0116
1.0000
1.0000
1.0000
1.0312
1.0000
1.0000
1.0000
1.0000
1.0312
1.0000
1.0104
1.0107
1.0000
1.0000
1.0103
1.0104
1.0000
1.0000
1.0000
1.0000
1.0000
1.0108
1.0312
1.0108
1.0000
1.0099
1.0000
1.0312
1.0000
1.0000
1.0112
1.0000
1.0000
1.0000
1.0000
1.0000
1.0099
1.0111
1.0000
1.0312
1.0106
1.0312
1.0110
1.0000
1.0312
1.0106
1.0098
1.0000
1.0000
1.0000
1.0000
1.0312
1.0000
1.0312
1.0312
1.0000
1.0000
1.0105
1.0000
1.0000
1.0000
1.0000
1.0110
1.0000
1.0000
1.0312
1.0000
1.0312
1.0095
1.0000
1.0104
1.0000
1.0000
1.0000
1.0312
1.0000
1.0094
1.0000
1.0312
1.0312
1.0000
1.0000
1.0312
1.0000
1.0108
1.0111
1.0000
1.0000
1.0103
1.0109
1.0000
1.0102
1.0000
1.0000
1.0000
1.0000
1.0000
1.0107
1.0099
1.0000
1.0104
1.0000
1.0106
1.0000
1.0110
1.0103
1.0111
1.0097
1.0312
1.0000
1.0094
1.0000
1.0099
1.0000
1.0103
1.0000
1.0000
1.0000
1.0000
1.0000
1.0312
1.0099
1.0099
1.0312
1.0000
1.0000
1.0000
1.0000
1.0000
1.0000
1.0000
1.0094
1.0000
1.0000
1.0100
1.0108
1.0110
1.0000
1.0096
1.0090
1.0000
1.0104
1.0000
1.0092
1.0000
1.0000
1.0000
1.0089
1.0111
1.0312
1.0000
1.0312
1.0105
1.0000
1.0086
1.0112
1.0625
1.0000
1.0099
1.0000
1.0312
1.0000
1.0000
1.0312
1.0312
1.0000
1.0095
1.0000
1.0000
1.0000
1.0000
1.0099
1.0087
1.0098
1.0000
1.0094
1.0000
1.0000
1.0000
1.0096
1.0000
1.0097
1.0000
1.0000
1.0100
1.0938
1.0093
1.0000
1.0000
1.0312
1.0000
1.0312
1.0000
1.0000
1.0000
1.0312
1.0093
1.0000
1.0000
1.0096
1.0104
1.0000
1.0100
1.0095
1.0000
1.0312
1.0000
1.0000
1.0095
1.0000
1.0000
1.0000
1.0000
1.0000
1.0091
1.0000
1.0312
1.0000
1.0000
1.0312
1.0312
1.0000
1.0097
1.0000
1.0099
1.0000
1.0000
1.0000
1.0000
1.0000
1.0312
1.0000
1.0093
1.0000
1.0000
1.0000
1.0000
1.0101
1.0000
1.0094
1.0000
1.0000
1.0108
1.0093
1.0090
1.0000
1.0091
1.0000
1.0100
1.0000
1.0000
1.0000
1.0000
1.0000
1.0085
1.0088
1.0312
1.0090
1.0000
1.0000
1.0312
1.0000
1.0000
1.0000
1.0000
1.0000
1.0000
1.0000
1.0098
1.0000
1.0087
1.0000
1.0000
1.0000
1.0087
1.0082
1.0000
1.0000
1.0000
1.0099
1.0095
1.0000
1.0000
1.0000
1.0000
1.0089
1.0095
1.0084
1.0000
1.0000
1.0000
1.0096
1.0000
1.0097
1.0000
1.0312
1.0000
1.0093
1.0000
1.0086
1.0088
1.0089
1.0000
1.0101
1.0084
1.0312
1.0095
1.0312
1.0000
1.0086
1.0000
1.0093
1.0091
1.0000
1.0000
1.0000
1.0312
1.0000
1.0090
1.0090
1.0096
1.0087
1.0000
1.0091
1.0097
1.0000
1.0000
1.0091
1.0000
1.0000
1.0000
1.0090
1.0000
1.0088
1.0312
1.0000
1.0000
1.0080
1.0000
1.0000
1.0090
1.0000
1.0312
1.0000
1.0312
1.0000
1.0000
1.0312
1.0000
1.0088
1.0092
1.0000
1.0000
1.0312
1.0000
1.0082
1.0094
1.0000
1.0000
1.0085
1.0000
1.0000
1.0082
1.0000
1.0000
1.0000
1.0000
1.0000
1.0086
1.0000
1.0000
1.0312
1.0312
1.0000
1.0086
1.0000
1.0000
1.0312
1.0000
1.0000
1.0312
1.0000
1.0312
1.0084
1.0093
1.0000
1.0078
1.0085
1.0625
1.0000
1.0084
1.0000
1.0089
1.0000
1.0000
1.0086
1.0000
1.0079
1.0080
1.0000
1.0077
1.0000
1.0088
1.0000
1.0086
1.0000
1.0083
1.0090
1.0000
1.0000
1.0085
1.0000
1.0000
1.0088
1.0000
1.0000
1.0000
1.0082
1.0000
1.0000
1.0075
1.0312
1.0000
1.0000
1.0000
1.0000
1.0000
1.0000
1.0081
1.0082
1.0087
1.0090
1.0000
1.0312
1.0312
1.0000
1.0000
1.0000
1.0072
1.0084
1.0000
1.0082
1.0076
1.0090
1.0079
1.0000
1.0082
1.0000
1.0312
1.0000
1.0086
1.0000
1.0312
1.0096
1.0000
1.0000
1.0000
1.0000
1.0312
1.0625
1.0087
1.0075
1.0088
1.0087
1.0000
1.0000
1.0000
1.0082
1.0089
1.0000
1.0000
1.0081
1.0000
1.0081
1.0000
1.0081
1.0000
1.0000
1.0000
1.0000
1.0000
1.0000
1.0312
1.0081
1.0000
1.0000
1.0081
1.0000
1.0000
1.0000
1.0000
1.0000
1.0000
1.0000
1.0000
1.0000
1.0000
1.0000
1.0000
1.0081
1.0082
1.0089
1.0000
1.0083
1.0312
1.0000
1.0000
1.0312
1.0000
1.0312
1.0000
1.0000
1.0089
1.0083
1.0078
1.0000
1.0000
1.0000
1.0000
1.0000
1.0312
1.0000
1.0076
1.0082
1.0312
1.0080
1.0000
1.0072
1.0000
1.0312
1.0000
1.0000
1.0000
1.0073
1.0000
1.0312
1.0000
1.0000
1.0000
1.0312
1.0000
1.0084
1.0000
1.0084
1.0000
1.0000
1.0312
1.0000
1.0000
1.0000
1.0625
1.0000
1.0000
1.0069
1.0082
1.0312
1.0000
1.0081
1.0000
1.0000
1.0000
1.0074
1.0084
1.0077
1.0086
1.0000
1.0000
1.0000
1.0312
1.0088
1.0071
1.0065
1.0085
1.0072
1.0000
1.0075
1.0312
1.0000
1.0000
1.0075
1.0077
1.0069
1.0000
1.0073
1.0073
1.0000
1.0076
1.0312
1.0000
1.0084
1.0312
1.0086
1.0000
1.0000
1.0000
1.0000
1.0072
1.0000
1.0000
1.0312
1.0073
1.0071
1.0000
1.0000
1.0091
1.0000
1.0000
1.0068
1.0000
1.0078
1.0000
1.0000
1.0000
1.0312
1.0078
1.0092
1.0000
