32.0727
19.1001
11.3405
8.7792
6.9999
6.1984
5.9563
4.6893
4.4654
3.9298
3.8453
3.2808
3.2102
2.9127
2.7189
2.6173
2.6031
2.6477
2.3201
2.4327
2.0793
2.0857
2.0817
1.9761
1.9142
1.8994
1.8118
1.8800
1.8236
1.7162
1.7886
1.6635
1.7316
1.6843
1.6022
1.6205
1.6111
1.5470
1.5374
1.5247
1.5253
1.4945
1.4858
1.4370
1.4927
1.4519
1.4788
1.4010
1.4173
1.3817
1.3880
1.4141
1.4006
1.3449
1.3593
1.3604
1.3348
1.3344
1.3505
1.3798
1.3306
1.3044
1.2860
1.3076
1.3024
1.2829
1.2839
1.2857
1.2625
1.2906
1.2670
1.3438
1.2384
1.2598
1.2421
1.2423
1.2621
1.2384
1.2259
1.2409
1.2288
1.2292
1.2463
1.2242
1.2116
1.2490
1.2318
1.2167
1.1562
1.2129
1.2243
1.2064
1.2187
1.1700
1.2188
1.1804
1.1989
1.1783
1.2500
1.2010
1.1704
1.1888
1.1748
1.1848
1.1631
1.1758
1.1628
1.1785
1.1740
1.1477
1.1743
1.1390
1.1579
1.1512
1.1429
1.2812
1.1442
1.1318
1.1719
1.1515
1.1527
1.1426
1.1471
1.1405
1.1343
1.1250
1.1372
1.1362
1.1555
1.1327
1.1304
1.2500
1.2500
1.1875
1.1324
1.1545
1.1241
1.1875
1.1354
1.1410
1.0625
1.1165
1.1264
1.1179
1.1242
1.1181
1.0625
1.1150
1.1133
1.1114
1.1218
1.0994
1.1136
1.1562
1.0996
1.1121
1.1087
1.1134
1.1024
1.1250
1.1012
1.0981
1.0986
1.0935
1.1101
1.1091
1.0989
1.0959
1.1024
1.1031
1.0963
1.2188
1.0947
1.1719
1.0938
1.1050
1.1023
1.0964
1.1043
1.1029
1.1008
1.0697
1.0937
1.0898
1.0918
1.1562
1.0952
1.0978
1.0979
1.0938
1.0846
1.0882
1.0855
1.0986
1.0937
1.0848
1.1250
1.1094
1.0845
1.0824
1.0835
1.0718
1.1281
1.0824
1.0981
1.0717
1.0816
1.0751
1.0831
1.0833
1.0759
1.0651
1.0625
1.0800
1.0729
1.1875
1.1250
1.0625
1.0521
1.1250
1.0724
1.0704
1.0698
1.0660
1.0625
1.0000
1.0652
1.0720
1.0650
1.0741
1.0705
1.0690
1.0615
1.0625
1.0684
1.0733
1.0714
1.0312
1.0744
1.0654
1.0673
1.1250
1.0717
1.1875
1.0643
1.0648
1.0659
1.1250
1.0659
1.0660
1.0716
1.0707
1.0727
1.0723
1.0630
1.0938
1.0694
1.0312
1.0670
1.0687
1.0668
1.0596
1.0658
1.0719
1.0594
1.0938
1.0625
1.0645
1.0584
1.0312
1.0833
1.0617
1.0621
1.0575
1.0665
1.0634
1.0675
1.0608
1.0312
1.0568
1.0634
1.0650
1.0649
1.0625
1.0641
1.0569
1.0623
1.0607
1.0571
1.0566
1.0551
1.0625
1.0000
1.0561
1.0565
1.0554
1.0565
1.0534
1.0561
1.0542
1.0312
1.0526
1.0000
1.0312
1.0625
1.0515
1.0506
1.0781
1.1250
1.0625
1.0502
1.0000
1.0312
1.0625
1.0625
1.0575
1.0312
1.0519
1.0938
1.0610
1.0505
1.0523
1.0493
1.0625
1.0488
1.0506
1.0477
1.0438
1.0938
1.0625
1.0509
1.0625
1.0312
1.0624
1.0489
1.0472
1.0312
1.0463
1.0499
1.0312
1.0462
1.0312
1.0464
1.0000
1.0833
1.0468
1.0469
1.0625
1.0470
1.0444
1.0469
1.0406
1.0312
1.0625
1.0501
1.0781
1.0391
1.0445
1.0625
1.0938
1.0625
1.0625
1.1250
1.0312
1.0312
1.0938
1.0441
1.0000
1.0440
1.0463
1.0312
1.0439
1.0449
1.0415
1.0625
1.0414
1.0421
1.0413
1.0448
1.0625
1.0000
1.0429
1.0413
1.0425
1.0421
1.0625
1.0781
1.0424
1.0625
1.0422
1.0312
1.0413
1.0428
1.0432
1.0625
1.0438
1.0312
1.0312
1.0414
1.0377
1.0413
1.0400
1.0389
1.0362
1.0366
1.0415
1.0384
1.0594
1.0305
1.0312
1.0625
1.0382
1.0387
1.0312
1.0335
1.0594
1.0000
1.0559
1.0400
1.0000
1.0437
1.0312
1.0402
1.0378
1.0333
1.0312
1.0625
1.0341
1.0356
1.0353
1.0397
1.0379
1.0385
1.0371
1.0312
1.0313
1.0000
1.0000
1.0382
1.0312
1.0365
1.0370
1.0335
1.0344
1.0305
1.0355
1.0000
1.0312
1.0594
1.0345
1.0385
1.0312
1.0312
1.0338
1.0313
1.0000
1.0312
1.0375
1.0318
1.0312
1.0312
1.0323
1.0332
1.0299
1.0625
1.0308
1.0000
1.0312
1.0317
1.0336
1.0000
1.0312
1.0625
1.0345
1.0625
1.0339
1.0350
1.0000
1.0324
1.0312
1.0315
1.0000
1.0352
1.0625
1.0312
1.0309
1.0625
1.0302
1.0299
1.0000
1.0000
1.0326
1.0312
1.0338
1.0406
1.0312
1.0312
1.0383
1.0308
1.0312
1.0312
1.0312
1.0321
1.0312
1.0312
1.0347
1.0295
1.0298
1.0469
1.0625
1.0312
1.0301
1.0305
1.0312
1.0469
1.0312
1.0625
1.0322
1.0297
1.0287
1.0312
1.0000
1.0382
1.0285
1.0312
1.0364
1.0312
1.0297
1.0312
1.0305
1.0306
1.0305
1.0301
1.0312
1.0625
1.0335
1.0312
1.0000
1.0312
1.0417
1.0312
1.0000
1.0340
1.0312
1.0308
1.0325
1.0307
1.0326
1.0310
1.0316
1.0304
1.0938
1.0312
1.0280
1.0625
1.0264
1.0938
1.0625
1.0345
1.0342
1.1250
1.0000
1.0312
1.0312
1.0281
1.0000
1.0000
1.0333
1.0307
1.0302
1.0625
1.0312
1.0000
1.0301
1.0000
1.0000
1.0289
1.0312
1.0300
1.0312
1.0344
1.0000
1.0000
1.0298
1.0307
1.0312
1.0253
1.0265
1.0312
1.0283
1.0298
1.0293
1.0312
1.0000
1.0321
1.0264
1.0266
1.0266
1.0625
1.0521
1.0270
1.0261
1.0366
1.0313
1.0625
1.0312
1.0279
1.0312
1.0625
1.0258
1.0000
1.0000
1.0315
1.0312
1.0308
1.0000
1.0312
1.0260
1.0000
1.0259
1.0417
1.0312
1.0312
1.0304
1.0259
1.0312
1.0254
1.0237
1.0938
1.0349
1.0000
1.0249
1.0312
1.0000
1.0625
1.0299
1.0254
1.0312
1.0000
1.0312
1.0242
1.0312
1.0625
1.0000
1.0317
1.0221
1.0317
1.0000
1.0312
1.0253
1.0297
1.0625
1.0312
1.0233
1.0308
1.0236
1.0625
1.0625
1.0305
1.0305
1.0242
1.0000
1.0241
1.0238
1.0253
1.0255
1.0625
1.0000
1.0233
1.0000
1.0312
1.0312
1.0312
1.0312
1.0312
1.0625
1.0000
1.0239
1.0212
1.0220
1.0337
1.0625
1.0229
1.0000
1.0312
1.0000
1.0312
1.0312
1.0229
1.0625
1.0312
1.0222
1.0229
1.0313
1.0312
1.0000
1.0232
1.0312
1.0216
1.0228
1.0219
1.0222
1.0312
1.0313
1.0312
1.0312
1.0312
1.0213
1.0000
1.0211
1.0000
1.0312
1.0227
1.0199
1.0312
1.0312
1.0266
1.0234
1.0244
1.0212
1.0312
1.0220
1.0230
1.0215
1.0207
1.0000
1.0222
1.0312
1.0312
1.0000
1.0312
1.0216
1.0000
1.0212
1.0214
1.0221
1.0208
1.0000
1.0216
1.0197
1.0218
1.0000
1.0218
1.0299
1.0221
1.0000
1.0312
1.0000
1.0312
1.0198
1.0212
1.0312
1.0224
1.0312
1.0312
1.0000
1.0281
1.0199
1.0312
1.0000
1.0223
1.0312
1.0000
1.0228
1.0000
1.0406
1.0194
1.0201
1.0000
1.0000
1.0000
1.0312
1.0305
1.0000
1.0312
1.0312
1.0312
1.0000
1.0625
1.0000
1.0000
1.0312
1.0000
1.0202
1.0213
1.0312
1.0204
1.0000
1.0312
1.0189
1.0000
1.0000
1.0197
1.0202
1.0199
1.0312
1.0206
1.0204
1.0202
1.0000
1.0230
1.0000
1.0000
1.0312
1.0000
1.0312
1.0938
1.0312
1.0192
1.0198
1.0312
1.0183
1.0312
1.0625
1.0312
1.0000
1.0312
1.0188
1.0189
1.0300
1.0184
1.0185
1.0000
1.0187
1.0000
1.0312
1.0000
1.0194
1.0179
1.0182
1.0178
1.0312
1.0000
1.0187
1.0312
1.0186
1.0185
1.0202
1.0000
1.0000
1.0000
1.0000
1.0312
1.0191
1.0625
1.0000
1.0312
1.0188
1.0186
1.0625
1.0188
1.0175
1.0000
1.0185
1.0205
1.0203
1.0186
1.0186
1.0312
1.0171
1.0625
1.0312
1.0000
1.0000
1.0182
1.0312
1.0171
1.0000
1.0312
1.0312
1.0189
1.0193
1.0312
1.0192
1.0312
1.0000
1.0175
1.0000
1.0625
1.0189
1.0312
1.0312
1.0000
1.0180
1.0173
1.0402
1.0173
1.0000
1.0171
1.0176
1.0173
1.0625
1.0175
1.0000
1.0312
1.0000
1.0000
1.0000
1.0178
1.0000
1.0000
1.0312
1.0172
1.0312
1.0168
1.0312
1.0312
1.0312
1.0171
1.0172
1.0175
1.0170
1.0167
1.0169
1.0000
1.0312
1.0170
1.0180
1.0312
1.0175
1.0000
1.0176
1.0000
1.0312
1.0000
1.0000
1.0000
1.0312
1.0000
1.0000
1.0000
1.0168
1.0312
1.0000
1.0312
1.0312
1.0312
1.0312
1.0000
1.0000
1.0000
1.0000
1.0174
1.0164
1.0312
1.0312
1.0165
1.0312
1.0000
1.0157
1.0172
1.0163
1.0180
1.0000
1.0312
1.0000
1.0000
1.0000
1.0000
1.0000
1.0000
1.0161
1.0162
1.0159
1.0625
1.0000
1.0312
1.0000
1.0155
1.0000
1.0000
1.0000
1.0312
1.0166
1.0000
1.0152
1.0312
1.0000
1.0000
1.0000
1.0165
1.0165
1.0312
1.0000
1.0162
1.0000
1.0000
1.0000
1.0000
1.0000
1.0161
1.0304
1.0312
1.0165
1.0000
1.0000
1.0000
1.0145
1.0157
1.0179
1.0000
1.0171
1.0000
1.0163
1.0151
1.0312
1.0163
1.0312
1.0312
1.0000
1.0312
1.0165
1.0172
1.0312
1.0312
1.0312
1.0312
1.0000
1.0151
1.0149
1.0000
1.0312
1.0000
1.0312
1.0000
1.0145
1.0312
1.0147
1.0000
1.0152
1.0312
1.0154
1.0168
1.0312
1.0153
1.0149
1.0000
1.0161
1.0312
1.0312
1.0000
1.0144
1.0150
1.0312
1.0312
1.0149
1.0153
1.0312
1.0000
1.0153
1.0147
1.0000
1.0312
1.0000
1.0144
1.0143
1.0000
1.0149
1.0625
1.0153
1.0000
1.0000
1.0147
1.0625
1.0312
1.0149
1.0000
1.0154
1.0158
1.0312
1.0133
1.0000
1.0141
1.0149
1.0146
1.0146
1.0145
1.0000
1.0153
1.0144
1.0152
1.0000
1.0148
1.0000
1.0147
1.0157
1.0000
1.0143
1.0000
1.0142
1.0312
1.0144
1.0148
1.0137
1.0136
1.0141
1.0154
1.0000
1.0312
1.0000
1.0000
1.0150
1.0155
1.0000
1.0143
1.0135
1.0000
1.0312
1.0312
1.0140
1.0000
1.0312
1.0138
1.0147
1.0000
1.0153
1.0312
1.0142
1.0134
1.0147
1.0136
1.0313
1.0132
1.0312
1.0000
1.0625
1.0312
1.0312
1.0146
1.0000
1.0138
1.0146
1.0000
1.0135
1.0141
1.0000
1.0000
1.0000
1.0132
1.0000
1.0000
1.0131
1.0129
1.0312
1.0128
1.0312
1.0000
1.0136
1.0000
1.0132
1.0137
1.0312
1.0127
1.0137
1.0140
1.0000
1.0135
1.0135
1.0130
1.0000
1.0000
1.0000
1.0127
1.0000
1.0000
1.0131
1.0000
1.0138
1.0132
1.0000
1.0000
1.0125
1.0000
1.0129
1.0312
1.0141
1.0312
1.0000
1.0312
1.0000
1.0137
1.0000
1.0312
1.0000
1.0312
1.0125
1.0131
1.0000
1.0312
1.0126
1.0000
1.0000
1.0000
1.0134
1.0000
1.0134
1.0128
1.0131
1.0132
1.0123
1.0129
1.0000
1.0000
1.0137
1.0000
1.0000
1.0120
1.0133
1.0133
1.0312
1.0122
1.0000
1.0127
1.0127
1.0000
1.0141
1.0125
1.0000
1.0124
1.0000
1.0000
1.0000
1.0312
1.0130
1.0000
1.0134
1.0117
1.0128
1.0312
1.0132
1.0137
1.0133
1.0135
1.0124
1.0000
1.0000
1.0122
1.0000
1.0000
1.0000
1.0136
1.0000
1.0312
1.0131
1.0130
1.0312
1.0122
1.0000
1.0312
1.0126
1.0000
1.0000
1.0120
1.0121
1.0000
1.0000
1.0120
1.0127
1.0123
1.0000
1.0121
1.0000
1.0000
1.0312
1.0000
1.0312
1.0000
1.0000
1.0312
1.0111
1.0000
1.0000
1.0142
1.0000
1.0120
1.0000
1.0000
1.0000
1.0131
1.0000
1.0000
1.0119
1.0000
1.0312
1.0312
1.0120
1.0312
1.0000
1.0127
1.0111
1.0115
1.0312
1.0118
1.0000
1.0000
1.0000
1.0000
1.0125
1.0127
1.0312
1.0128
1.0125
1.0123
1.0000
1.0000
1.0000
1.0000
1.0000
1.0000
1.0118
1.0312
1.0000
1.0312
1.0312
1.0000
1.0000
1.0000
1.0116
1.0000
1.0000
1.0115
1.0000
1.0117
1.0000
1.0000
1.0116
1.0312
1.0000
1.0120
1.0000
1.0000
1.0312
1.0312
1.0312
1.0000
1.0000
1.0000
1.0112
1.0312
1.0120
1.0625
1.0000
1.0000
1.0312
1.0117
1.0125
1.0000
1.0000
1.0109
1.0000
1.0111
1.0118
1.0000
1.0113
1.0000
1.0000
1.0110
1.0000
1.0000
1.0312
1.0125
1.0312
1.0000
1.0120
1.0000
1.0119
1.0127
1.0000
1.0119
1.0000
1.0312
1.0000
1.0000
1.0116
1.0000
1.0312
1.0111
1.0108
1.0000
1.0121
1.0000
1.0000
1.0312
1.0114
1.0111
1.0000
1.0312
1.0000
1.0312
1.0000
1.0131
1.0000
1.0000
1.0000
1.0113
1.0000
1.0000
1.0116
1.0312
1.0000
1.0312
1.0109
1.0107
1.0000
1.0312
1.0112
1.0000
1.0000
1.0000
1.0109
1.0000
1.0000
1.0313
1.0103
1.0000
1.0000
1.0108
1.0312
1.0116
1.0000
1.0625
1.0312
1.0312
1.0105
1.0312
1.0000
1.0107
1.0312
1.0000
1.0105
1.0000
1.0000
1.0000
1.0116
1.0102
1.0312
1.0000
1.0000
1.0114
1.0000
1.0107
1.0312
1.0000
1.0000
1.0000
1.0000
1.0000
1.0000
1.0000
1.0000
1.0000
1.0000
1.0000
1.0110
1.0000
1.0116
1.0000
1.0108
1.0105
1.0096
1.0000
1.0096
1.0107
1.0312
1.0107
1.0000
1.0103
1.0108
1.0117
1.0000
1.0112
1.0000
1.0106
1.0104
1.0312
1.0000
1.0106
1.0104
1.0000
1.0112
1.0000
1.0107
1.0312
1.0099
1.0107
1.0106
1.0000
1.0000
1.0000
1.0104
1.0101
1.0000
1.0000
1.0000
1.0000
1.0000
1.0111
1.0105
1.0107
1.0312
1.0101
1.0108
1.0102
1.0111
1.0104
1.0312
1.0312
1.0000
1.0312
1.0115
1.0000
1.0096
1.0000
1.0100
1.0094
1.0000
1.0097
1.0000
1.0000
1.0099
1.0110
1.0000
1.0312
1.0000
1.0000
1.0000
1.0097
1.0312
1.0090
1.0000
1.0000
1.0110
1.0000
1.0000
1.0102
1.0000
1.0000
1.0000
1.0000
1.0099
1.0000
1.0095
1.0000
1.0000
1.0000
1.0312
1.0000
1.0093
1.0000
1.0000
1.0000
1.0312
1.0098
1.0000
1.0000
1.0096
1.0000
1.0000
1.0100
1.0000
1.0000
1.0102
1.0094
1.0101
1.0095
1.0099
1.0000
1.0000
1.0105
1.0000
1.0000
1.0312
1.0000
1.0000
1.0000
1.0000
1.0000
1.0110
1.0000
1.0108
1.0000
1.0096
1.0000
1.0312
1.0000
1.0000
1.0312
1.0000
1.0312
1.0312
1.0000
1.0000
1.0102
1.0000
1.0089
1.0106
1.0000
1.0107
1.0095
1.0094
1.0000
1.0312
1.0312
1.0096
1.0312
1.0000
1.0000
1.0000
1.0083
1.0000
1.0000
1.0000
1.0000
1.0000
1.0000
1.0000
1.0093
1.0091
1.0096
1.0000
1.0000
1.0101
1.0000
1.0000
1.0000
1.0000
1.0000
1.0000
1.0109
1.0086
1.0097
1.0000
1.0312
1.0093
1.0000
1.0086
1.0312
1.0000
1.0312
1.0091
1.0000
1.0000
1.0000
1.0087
1.0086
1.0091
1.0000
1.0096
1.0000
1.0094
1.0097
1.0000
1.0087
1.0312
1.0095
1.0000
1.0090
1.0000
1.0000
1.0093
1.0000
1.0082
1.0095
1.0000
1.0000
1.0000
1.0000
1.0095
1.0000
1.0000
1.0000
1.0000
1.0095
1.0312
1.0000
1.0000
1.0000
1.0312
1.0000
1.0000
1.0000
1.0081
1.0092
1.0000
1.0000
1.0000
1.0093
1.0000
1.0000
1.0091
1.0000
1.0000
1.0312
1.0312
1.0000
1.0097
1.0000
1.0079
1.0000
1.0000
1.0093
1.0086
1.0000
1.0087
1.0000
1.0094
1.0000
1.0000
1.0099
1.0312
1.0000
1.0091
1.0095
1.0000
1.0000
1.0000
1.0000
1.0088
1.0000
1.0078
1.0096
1.0000
1.0000
1.0000
1.0000
1.0095
1.0000
1.0000
1.0000
1.0089
1.0000
1.0000
1.0079
1.0000
1.0087
1.0000
1.0084
1.0000
1.0312
1.0000
1.0000
1.0081
1.0000
1.0088
1.0312
1.0000
1.0084
1.0093
1.0312
1.0095
1.0000
1.0097
1.0084
1.0000
1.0000
1.0081
1.0312
1.0092
1.0000
1.0090
1.0000
1.0000
1.0090
1.0000
1.0085
1.0000
1.0083
1.0094
1.0312
1.0000
1.0095
1.0000
1.0312
1.0312
1.0000
1.0312
1.0083
1.0000
1.0000
1.0000
1.0000
1.0079
1.0000
1.0000
1.0089
1.0000
1.0000
1.0095
1.0000
1.0082
1.0085
1.0085
1.0000
1.0084
1.0000
1.0092
1.0000
1.0000
1.0080
1.0000
1.0000
1.0000
1.0080
1.0000
1.0000
1.0000
1.0000
1.0077
1.0091
1.0000
1.0087
1.0000
1.0000
1.0000
1.0086
1.0090
1.0000
1.0000
1.0000
1.0000
1.0000
1.0000
1.0000
1.0083
1.0000
1.0000
1.0000
1.0000
1.0000
1.0000
1.0000
1.0312
1.0000
1.0085
1.0312
1.0000
1.0000
1.0000
1.0000
1.0312
1.0085
1.0000
1.0084
1.0000
1.0000
1.0000
1.0000
1.0000
1.0000
1.0078
1.0000
1.0000
1.0000
1.0081
1.0000
1.0000
1.0000
1.0000
1.0075
1.0000
1.0075
1.0000
1.0000
1.0000
1.0085
1.0084
1.0090
1.0000
1.0312
1.0000
1.0000
1.0312
1.0000
1.0085
1.0080
1.0000
1.0000
1.0000
1.0084
1.0000
1.0312
1.0000
1.0000
1.0000
1.0000
1.0082
1.0080
1.0089
1.0000
1.0000
1.0000
1.0000
1.0083
1.0084
1.0000
1.0085
1.0000
1.0000
1.0000
1.0000
1.0082
1.0000
1.0000
1.0000
1.0079
1.0000
1.0078
1.0000
1.0079
1.0087
1.0312
1.0075
1.0000
1.0000
1.0000
1.0072
1.0000
1.0000
1.0000
1.0000
1.0078
1.0085
1.0000
1.0000
1.0000
1.0312
1.0000
1.0000
1.0000
1.0000
1.0073
1.0000
1.0072
1.0071
1.0000
1.0000
1.0085
1.0083
1.0000
1.0078
1.0079
1.0069
1.0000
1.0000
1.0081
1.0000
1.0089
1.0081
1.0083
1.0312
1.0000
1.0000
1.0312
1.0000
1.0312
1.0088
1.0000
1.0078
1.0073
1.0000
1.0088
1.0000
1.0000
1.0000
1.0077
1.0086
1.0000
1.0312
1.0000
1.0080
1.0000
1.0079
1.0000
1.0312
1.0000
1.0312
1.0086
1.0000
1.0000
1.0000
1.0000
1.0075
1.0072
1.0000
1.0000
1.0000
1.0312
1.0080
1.0000
1.0000
1.0075
1.0000
1.0086
1.0000
1.0000
1.0000
1.0312
1.0000
1.0000
1.0000
1.0000
1.0080
1.0000
1.0000
1.0000
1.0000
1.0000
1.0312
1.0000
1.0074
1.0079
1.0000
1.0000
1.0074
1.0000
1.0000
1.0000
1.0000
1.0073
1.0000
1.0074
1.0000
1.0312
1.0312
1.0000
1.0071
1.0076
1.0081
1.0000
1.0000
1.0000
1.0000
1.0073
1.0000
1.0083
1.0000
1.0074
1.0000
1.0000
1.0075
1.0000
1.0000
1.0000
1.0000
1.0074
1.0000
1.0000
1.0000
