16.0095
8.6011
5.8301
4.4050
3.7591
3.1365
2.8564
2.5399
2.3963
2.1555
2.0246
2.0188
1.9199
1.7597
1.7270
1.6694
1.5841
1.5752
1.5736
1.5026
1.4569
1.4344
1.4309
1.4042
1.3796
1.3844
1.3606
1.4375
1.3400
1.3233
1.3319
1.3011
1.4375
1.2654
1.3750
1.2560
1.2083
1.2319
1.2391
1.2303
1.1875
1.2259
1.2217
1.2214
1.1920
1.2500
1.1250
1.1817
1.1505
1.1738
1.3125
1.1370
1.1875
1.1576
1.1504
1.1580
1.1536
1.1402
1.0625
1.1531
1.2500
1.1393
1.1320
1.1509
1.1277
1.1248
1.1250
1.0000
1.1875
1.1229
1.1141
1.2500
1.1250
1.1095
1.1075
1.1361
1.1084
1.1062
1.0625
1.1040
1.1017
1.0625
1.0625
1.1667
1.0625
1.0969
1.0000
1.0900
1.0907
1.0729
1.0879
1.0844
1.1875
1.0878
1.0855
1.0850
1.1042
1.0653
1.0818
1.0803
1.0729
1.1250
1.1250
1.0625
1.0625
1.0000
1.0000
1.0696
1.0000
1.0710
1.0000
1.0625
1.0703
1.0635
1.0750
1.0614
1.0650
1.0625
1.0700
1.0625
1.1375
1.0000
1.0684
1.0616
1.0680
1.0645
1.0625
1.0000
1.0590
1.1250
1.0625
1.0721
1.0625
1.0663
1.0625
1.0000
1.0604
1.0602
1.1875
1.0000
1.0625
1.0625
1.0564
1.0645
1.0544
1.0625
1.1250
1.0513
1.0543
1.0000
1.0625
1.0518
1.0000
1.0513
1.0625
1.0526
1.0625
1.0625
1.0502
1.0625
1.0492
1.0625
1.0468
1.2500
1.1250
1.0464
1.0625
1.0499
1.0466
1.1250
1.0481
1.1042
1.0000
1.0440
1.0000
1.0625
1.0625
1.0438
1.0000
1.0000
1.0625
1.0427
1.0625
1.0000
1.0429
1.0000
1.0000
1.0000
1.0625
1.0427
1.0397
1.0833
1.0625
1.0000
1.0397
1.0396
1.0405
1.0000
1.0400
1.0625
1.0371
1.0376
1.0625
1.0625
1.0000
1.0625
1.0000
1.0372
1.0000
1.0367
1.0388
1.0365
1.0000
1.0356
1.0365
1.0000
1.0349
1.0000
1.0000
1.0345
1.0343
1.0000
1.0625
1.0354
1.0344
1.0330
1.0000
1.0336
1.0625
1.0000
1.0353
1.0625
1.0326
1.0348
1.0328
1.0326
1.0000
1.0000
1.0000
1.0317
1.0000
1.0000
1.0625
1.0000
1.0318
1.0316
1.0311
1.0307
1.0319
1.0000
1.0295
1.0625
1.0625
1.0625
1.0625
1.0625
1.0000
1.0000
1.0000
1.0292
1.0304
1.0000
1.0625
1.0000
1.0000
1.0295
1.0000
1.0276
1.0284
1.0290
1.0000
1.0625
1.0293
1.0000
1.0287
1.0625
1.0285
1.0000
1.0000
1.0000
1.0000
1.0000
1.0625
1.0000
1.0000
1.0261
1.1875
1.0000
1.0000
1.0000
1.0253
1.0625
1.0000
1.0000
1.0000
1.0000
1.0625
1.0277
1.0000
1.0000
1.0254
1.0258
1.0000
1.0625
1.0238
1.0251
1.0000
1.0000
1.0000
1.0000
1.0625
1.0625
1.0240
1.0248
1.0236
1.0000
1.0000
1.0000
1.0625
1.0246
1.0251
1.0233
1.0247
1.0244
1.0000
1.0000
1.0228
1.0625
1.1250
1.0000
1.0000
1.0000
1.0225
1.0000
1.0625
1.0000
1.0000
1.0000
1.0625
1.0211
1.0212
1.0000
1.0239
1.0625
1.0625
1.0000
1.0215
1.0225
1.0202
1.0000
1.0000
1.0224
1.0215
1.0000
1.0000
1.0000
1.0223
1.0204
1.0000
1.0625
1.0000
1.0000
1.0000
1.0000
1.0000
1.0000
1.0207
1.0625
1.0000
1.0217
1.0625
1.0000
1.0196
1.0625
1.0209
1.0000
1.0207
1.0000
1.0000
1.0210
1.0203
1.0562
1.0206
1.0209
1.0202
1.0183
1.0000
1.0195
1.0000
1.0000
1.0000
1.0210
1.0192
1.0212
1.0000
1.0196
1.0000
1.0000
1.0000
1.0625
1.0000
1.0189
1.0202
1.0194
1.0194
1.0000
1.0196
1.0000
1.0190
1.0000
1.0181
1.0000
1.0000
1.0000
1.0000
1.0175
1.0165
1.0625
1.0185
1.0000
1.0165
1.1250
1.0000
1.0180
1.0178
1.0179
1.0000
1.0000
1.0189
1.0000
1.0182
1.0000
1.0000
1.0000
1.0000
1.0625
1.0000
1.0000
1.0170
1.0000
1.0625
1.0000
1.0166
1.0180
1.0176
1.0000
1.0625
1.0000
1.0157
1.0625
1.0000
1.0000
1.0000
1.0165
1.0000
1.0000
1.0000
1.0000
1.0165
1.0000
1.0161
1.0000
1.0000
1.0000
1.0000
1.0155
1.0000
1.0000
1.0000
1.0000
1.0162
1.0166
1.0000
1.0000
1.0000
1.0000
1.0147
1.0147
1.0000
1.0000
1.0000
1.0000
1.0163
1.0000
1.0000
1.0157
1.0000
1.0157
1.0000
1.0164
1.0000
1.0148
1.0000
1.0000
1.0000
1.0000
1.0149
1.0153
1.0000
1.0153
1.0000
1.0625
1.0151
1.0000
1.0000
1.0151
1.0625
1.0155
1.0159
1.0155
1.0000
1.0000
1.0000
1.0142
1.0000
1.0138
1.0139
1.0000
1.0153
1.0000
1.0156
1.0000
1.0000
1.0000
1.0000
1.0000
1.0625
1.0000
1.0000
1.0625
1.0000
1.0000
1.0000
1.0134
1.0000
1.0000
1.0000
1.0000
1.0000
1.0000
1.0625
1.0000
1.0000
1.0000
1.0000
1.0000
1.0000
1.0000
1.0000
1.0000
1.0000
1.0135
1.0000
1.0130
1.0000
1.0000
1.0143
1.0000
1.0562
1.0000
1.0000
1.0134
1.0000
1.0000
1.0625
1.0625
1.0000
1.0141
1.0136
1.0000
1.0000
1.0000
1.0129
1.0000
1.0000
1.0000
1.0625
1.0000
1.0000
1.0000
1.0625
1.0123
1.0000
1.0000
1.0000
1.0000
1.0133
1.0144
1.0625
1.0000
1.0000
1.0000
1.0000
1.0000
1.0000
1.0625
1.0000
1.0000
1.0000
1.0000
1.0000
1.0138
1.0124
1.0000
1.0000
1.0000
1.0000
1.0000
1.0000
1.0000
1.0000
1.0625
1.0000
1.0124
1.0134
1.0000
1.0130
1.0000
1.0000
1.0000
1.0000
1.0114
1.0000
1.0139
1.0000
1.0000
1.0000
1.0000
1.0117
1.0000
1.0000
1.0000
1.0000
1.0118
1.0000
1.0115
1.0116
1.0122
1.0000
1.0625
1.0000
1.0000
1.0136
1.0126
1.0000
1.0103
1.0000
1.0000
1.0000
1.0000
1.0000
1.0104
1.0000
1.0000
1.0625
1.0110
1.0000
1.0000
1.0000
1.0625
1.0112
1.0109
1.0000
1.0000
1.0625
1.0000
1.0625
1.0000
1.0625
1.0000
1.0000
1.0095
1.0101
1.0625
1.0000
1.0000
1.0096
1.0000
1.0000
1.0104
1.0000
1.0000
1.0000
1.0121
1.0000
1.0000
1.0093
1.0625
1.0000
1.0000
1.0121
1.0000
1.0000
1.0000
1.0000
1.0000
1.0105
1.0104
1.0000
1.0127
1.0000
1.0625
1.0000
1.0105
1.0000
1.0000
1.0097
1.0000
1.0114
1.0107
1.0000
1.0000
1.0113
1.0111
1.0000
1.0000
1.0000
1.0000
1.0000
1.0625
1.0000
1.0000
1.0000
1.0000
1.0000
1.0000
1.0099
1.0000
1.0000
1.0000
1.0000
1.0000
1.0000
1.0000
1.0000
1.0000
1.0113
1.0000
1.0000
1.0625
1.0000
1.0000
1.0000
1.0106
1.0000
1.0000
1.0111
1.0000
1.0000
1.0000
1.0000
1.0000
1.0108
1.0089
1.0102
1.0094
1.0000
1.0088
1.0092
1.0000
1.0000
1.0000
1.0000
1.0000
1.0625
1.0000
1.0000
1.0100
1.0000
1.0000
1.0100
1.0000
1.0098
1.0000
1.0000
1.0000
1.0000
1.0000
1.0086
1.0625
1.0098
1.0000
1.0000
1.0000
1.0000
1.0000
1.0000
1.0625
1.0625
1.0112
1.0000
1.0084
1.0116
1.0000
1.0000
1.0000
1.0000
1.0000
1.0000
1.0093
1.0000
1.0092
1.0000
1.0000
1.0000
1.0000
1.0088
1.0000
1.0000
1.0000
1.0099
1.0000
1.0000
1.0000
1.0000
1.0000
1.0000
1.0000
1.0000
1.0000
1.0000
1.0000
1.0086
1.0000
1.0000
1.0082
1.0000
1.0000
1.0000
1.0000
1.0000
1.0097
1.0000
1.0000
1.0000
1.0000
1.0000
1.0093
1.0000
1.0000
1.0625
1.0000
1.0000
1.0091
1.0077
1.0000
1.0000
1.0091
1.0000
1.0000
1.0000
1.0000
1.0000
1.0000
1.0000
1.0000
1.0091
1.0000
1.0000
1.0000
1.0000
1.0000
1.0083
1.0000
1.0000
1.0082
1.0000
1.0078
1.0088
1.0000
1.0090
1.0000
1.0000
1.0081
1.0068
1.0000
1.0625
1.0000
1.0000
1.0000
1.0000
1.0000
1.0000
1.0000
1.0000
1.0000
1.0000
1.0000
1.0072
1.0000
1.0000
1.0081
1.0000
1.0000
1.0000
1.0000
1.0000
1.0000
1.0087
1.0000
1.0000
1.0000
1.0000
1.0096
1.0000
1.0077
1.0000
1.0000
1.0000
1.0000
1.0000
1.0000
1.0000
1.0000
1.0000
1.0000
1.0000
1.0076
1.0000
1.0000
1.0000
1.0000
1.0000
1.0000
1.0000
1.0000
1.0000
1.0000
1.0085
1.0099
1.0000
1.0000
1.0000
1.0000
1.0000
1.0000
1.0000
1.0625
1.0083
1.0000
1.0000
1.0000
1.0000
1.0000
1.0000
1.0078
1.0000
1.0000
1.0000
1.0078
1.0000
1.0000
1.0000
1.0000
1.0000
1.0000
1.0075
1.0000
1.0000
1.0000
1.0000
1.0072
1.0000
1.0000
1.0000
1.0000
1.0000
1.0000
1.0000
1.0000
1.0625
1.0000
1.0000
1.0000
1.0000
1.0000
1.0000
1.0000
1.0084
1.0625
1.0000
1.0000
1.0000
1.0000
1.0000
1.0625
1.0000
1.0000
1.0000
1.0000
1.0000
1.0000
1.0000
1.0000
1.0000
1.0069
1.0000
1.0000
1.0074
1.0083
1.0000
1.0000
1.0000
1.0062
1.0000
1.0076
1.0000
1.0625
1.0000
1.0000
1.0000
1.0000
1.0076
1.0000
1.0000
1.0000
1.0068
1.0086
1.0000
1.0000
1.0000
1.0000
1.0000
1.0084
1.0000
1.0000
1.0000
1.0000
1.0000
1.0000
1.0000
1.0000
1.0000
1.0045
1.0076
1.0094
1.0078
1.0000
1.0000
1.0000
1.0000
1.0000
1.0000
1.0625
1.0000
1.0000
1.0093
1.0000
1.0077
1.0000
1.0000
1.0000
1.0000
1.0000
1.0000
1.0000
1.0000
1.0000
1.0000
1.0000
1.0000
1.0000
1.0000
1.0000
1.0000
1.0000
1.0000
1.0072
1.0000
1.0000
1.0000
1.0000
1.0000
1.0000
1.0000
1.0000
1.0000
1.0000
1.0000
1.0000
1.0000
1.0075
1.0000
1.0000
1.0000
1.0000
1.0000
1.0000
1.0000
1.0000
1.0000
1.0000
1.0000
1.0076
1.0000
1.0000
1.0000
1.0000
1.0000
1.0000
1.0000
1.0000
1.0000
1.0079
1.0000
1.0000
1.0000
1.0000
1.0000
1.0000
1.0000
1.0063
1.0000
1.0000
1.0000
1.0000
1.0000
1.0000
1.0000
1.0069
1.0000
1.0000
1.0000
1.0000
1.0625
1.0000
1.0000
1.0000
1.0000
1.0000
1.0000
1.0000
1.0000
1.0000
1.0000
1.0000
1.0000
1.0000
1.0067
1.0000
1.0000
1.0000
1.0000
1.0000
1.0000
1.0000
1.0000
1.0000
1.0000
1.0062
1.0069
1.0057
1.0000
1.0000
1.0000
1.0000
1.0000
1.0000
1.0000
1.0000
1.0000
1.0000
1.0000
1.0065
1.0000
1.0000
1.0000
1.0073
1.0000
1.0000
1.0000
1.0066
1.0000
1.0046
1.0000
1.0000
1.0000
1.0000
1.0000
1.0000
1.0048
1.0000
1.0000
1.0000
1.0000
1.0000
1.0000
1.0069
1.0000
1.0000
1.0049
1.0000
1.0000
1.0625
1.0049
1.0000
1.0000
1.0000
1.0000
1.0063
1.0000
1.0000
1.0000
1.0070
1.0056
1.0000
1.0072
1.0000
1.0000
1.0000
1.0000
1.0000
1.0000
1.0000
1.0000
1.0052
1.0076
1.0062
1.0000
1.0000
1.0000
1.0000
1.0000
1.0000
1.0000
1.0000
1.0000
1.0000
1.0000
1.0000
1.0000
1.0625
1.0000
1.0061
1.0000
1.0000
1.0000
1.0000
1.0000
1.0000
1.0000
1.0000
1.0000
1.0000
1.0000
1.0000
1.0000
1.0000
1.0073
1.0000
1.0000
1.0000
1.0000
1.0000
1.0074
1.0000
1.0000
1.0000
1.0000
1.0000
1.0057
1.0068
1.0000
1.0000
1.0000
1.0000
1.0000
1.0000
1.0000
1.0000
1.0056
1.0064
1.0000
1.0000
1.0000
1.0000
1.0000
1.0000
1.0000
1.0000
1.0000
1.0000
1.0000
1.0000
1.0000
1.0000
1.0000
1.0000
1.0000
1.0000
1.0000
1.0000
1.0000
1.0000
1.0000
1.0000
1.0061
1.0060
1.0000
1.0000
1.0000
1.0000
1.0000
1.0000
1.0000
1.0000
1.0000
1.0000
1.0000
1.0000
1.0000
1.0000
1.0051
1.0000
1.0000
1.0000
1.0000
1.0060
1.0000
1.0054
1.0000
1.0000
1.0000
1.0000
1.0000
1.0055
1.0000
1.0000
1.0000
1.0000
1.0000
1.0625
1.0000
1.0000
1.0000
1.0065
1.0000
1.0000
1.0000
1.0068
1.0000
1.0000
1.0000
1.0000
1.0000
1.0000
1.0066
1.0060
1.0062
1.0000
1.0000
1.0069
1.0625
1.0000
1.0000
1.0000
1.0052
1.0000
1.0060
1.0061
1.0000
1.0000
1.0000
1.0008
1.0000
1.0053
1.0000
1.0000
1.0000
1.0000
1.0063
1.0000
1.0056
1.0000
1.0000
1.0000
1.0000
1.0000
1.0000
1.0000
1.0060
1.0065
1.0000
1.0000
1.0000
1.0000
1.0000
1.0000
1.0000
1.0000
1.0000
1.0000
1.0000
1.0000
1.0000
1.0000
1.0000
1.0000
1.0000
1.0000
1.0000
1.0000
1.0000
1.0000
1.0000
1.0000
1.0000
1.0000
1.0057
1.0000
1.0045
1.0000
1.0000
1.0055
1.0000
1.0000
1.0045
1.0000
1.0000
1.0000
1.0000
1.0000
1.0052
1.0000
1.0000
1.0000
1.0000
1.0047
1.0000
1.0000
1.0000
1.0000
1.0000
1.0000
1.0000
1.0059
1.0000
1.0000
1.0000
1.0000
1.0055
1.0000
1.0000
1.0000
1.0000
1.0000
1.0000
1.0000
1.0054
1.0000
1.0000
1.0000
1.0000
1.0000
1.0000
1.0054
1.0000
1.0000
1.0000
1.0000
1.0051
1.0000
1.0000
1.0000
1.0000
1.0000
1.0055
1.0000
1.0000
1.0000
1.0000
1.0000
1.0000
1.0047
1.0000
1.0047
1.0000
1.0000
1.0000
1.0000
1.0000
1.0000
1.0000
1.0000
1.0000
1.0000
1.0000
1.0000
1.0000
1.0000
1.0000
1.0000
1.0000
1.0000
1.0000
1.0057
1.0051
1.0000
1.0000
1.0000
1.0000
1.0625
1.0000
1.0000
1.0625
1.0000
1.0000
1.0000
1.0000
1.0000
1.0045
1.0000
1.0000
1.0000
1.0000
1.0000
1.0000
1.0000
1.0000
1.0000
1.0000
1.0000
1.0000
1.0044
1.0063
1.0000
1.0061
1.0000
1.0049
1.0000
1.0000
1.0000
1.0045
1.0000
1.0000
1.0000
1.0000
1.0000
1.0000
1.0000
1.0000
1.0000
1.0000
1.0000
1.0000
1.0063
1.0000
1.0000
1.0058
1.0000
1.0056
1.0000
1.0055
1.0000
1.0054
1.0000
1.0000
1.0034
1.0000
1.0000
1.0000
1.0000
1.0000
1.0000
1.0000
1.0000
1.0000
1.0028
1.0000
1.0000
1.0000
1.0000
1.0000
1.0000
1.0000
1.0052
1.0000
1.0000
1.0000
1.0000
1.0000
1.0000
1.0000
1.0047
1.0000
1.0000
1.0000
1.0000
1.0047
1.0000
1.0000
1.0000
1.0057
1.0000
1.0000
1.0000
1.0028
1.0000
1.0000
1.0625
1.0000
1.0000
1.0058
1.0000
1.0000
1.0000
1.0000
1.0000
1.0056
1.0000
1.0000
1.0000
1.0000
1.0000
1.0000
1.0000
1.0000
1.0000
1.0000
1.0000
1.0000
1.0000
1.0000
1.0000
1.0000
1.0000
1.0000
1.0000
1.0000
1.0000
1.0059
1.0063
1.0000
1.0000
1.0000
1.0000
1.0000
1.0000
1.0000
1.0000
1.0000
1.0043
1.0000
1.0000
1.0035
1.0000
1.0000
1.0000
1.0000
1.0000
1.0054
1.0000
1.0000
1.0000
1.0000
1.0000
1.0000
1.0000
1.0000
1.0000
1.0000
1.0000
1.0000
1.0000
1.0000
1.0031
1.0000
1.0000
1.0000
1.0000
1.0000
1.0000
1.0000
1.0000
1.0000
1.0031
1.0000
1.0000
1.0000
1.0000
1.0036
1.0042
1.0000
1.0000
1.0000
1.0000
1.0000
1.0000
1.0000
1.0000
1.0000
1.0000
1.0000
1.0047
1.0000
1.0000
1.0000
1.0000
1.0000
1.0000
1.0000
1.0000
1.0000
1.0043
1.0039
1.0000
1.0000
1.0000
1.0000
1.0000
1.0000
1.0000
1.0000
1.0000
1.0043
1.0000
1.0000
1.0000
1.0000
1.0000
1.0000
1.0000
1.0000
1.0000
1.0000
1.0000
1.0000
1.0000
1.0000
1.0000
1.0000
1.0000
1.0000
1.0000
1.0000
1.0000
1.0000
1.0000
1.0000
1.0026
1.0000
1.0000
1.0000
1.0028
1.0000
1.0000
1.0000
1.0044
1.0000
1.0000
1.0000
1.0000
1.0000
1.0000
1.0000
1.0000
1.0000
1.0000
1.0045
1.0000
1.0000
1.0000
1.0000
1.0000
1.0000
1.0000
1.0000
1.0000
1.0000
1.0000
1.0051
1.0000
1.0000
1.0042
1.0000
1.0000
1.0000
1.0042
1.0000
1.0000
1.0038
1.0000
1.0000
1.0000
1.0000
1.0000
1.0027
1.0000
1.0000
1.0000
1.0000
1.0000
1.0000
1.0000
1.0000
1.0000
1.0000
1.0000
1.0000
1.0000
1.0000
1.0000
1.0000
1.0000
1.0000
1.0000
1.0000
1.0000
1.0000
1.0000
1.0000
1.0000
1.0000
1.0000
1.0043
1.0000
1.0000
1.0000
1.0000
1.0000
1.0000
1.0000
1.0000
1.0000
1.0000
1.0000
1.0000
1.0000
1.0000
1.0000
1.0044
1.0000
1.0000
1.0039
1.0000
1.0000
1.0000
1.0041
1.0000
1.0000
1.0000
1.0000
1.0000
1.0046
1.0000
1.0000
1.0045
1.0025
1.0000
1.0000
1.0000
1.0000
1.0625
1.0000
1.0000
1.0000
1.0000
1.0000
1.0000
1.0000
1.0049
1.0000
1.0054
1.0000
1.0000
1.0000
1.0000
1.0000
1.0000
1.0000
1.0000
1.0000
1.0000
1.0000
1.0041
1.0000
1.0000
1.0000
1.0000
1.0000
1.0000
1.0000
1.0000
1.0000
1.0000
1.0000
1.0000
1.0000
1.0000
1.0000
1.0000
1.0000
1.0000
1.0033
1.0000
1.0040
1.0000
1.0043
1.0000
1.0000
1.0000
1.0000
1.0043
1.0000
1.0049
1.0000
1.0000
1.0000
1.0000
1.0049
1.0040
1.0000
1.0000
1.0000
1.0000
1.0000
1.0000
1.0000
1.0000
1.0000
1.0043
1.0000
1.0000
1.0000
1.0039
1.0000
1.0000
1.0000
1.0000
1.0000
1.0000
1.0000
1.0000
1.0000
1.0000
1.0000
1.0000
1.0000
1.0000
1.0034
1.0000
1.0000
1.0000
1.0018
1.0000
1.0000
1.0000
1.0000
1.0026
1.0000
1.0000
1.0000
1.0000
1.0000
1.0000
1.0000
1.0000
1.0000
1.0000
1.0000
1.0000
1.0000
1.0000
1.0000
1.0000
1.0000
1.0000
1.0000
1.0000
1.0000
1.0000
1.0042
1.0045
1.0000
1.0040
1.0000
1.0000
1.0000
1.0000
1.0000
1.0000
1.0000
1.0000
1.0000
1.0000
1.0000
1.0000
1.0000
1.0000
1.0000
1.0027
1.0000
1.0000
1.0000
1.0000
1.0046
1.0000
1.0034
1.0037
1.0000
1.0000
1.0000
1.0045
1.0000
1.0000
1.0040
1.0000
1.0000
1.0000
1.0000
1.0000
1.0028
1.0000
1.0000
1.0000
1.0000
1.0000
1.0000
1.0000
1.0044
1.0000
1.0000
1.0000
1.0000
1.0000
1.0000
1.0000
1.0000
1.0000
1.0000
1.0000
1.0000
1.0000
1.0000
1.0000
1.0000
1.0000
1.0000
1.0000
1.0038
1.0000
1.0000
1.0049
1.0000
1.0000
1.0044
1.0000
1.0000
