64.5333
36.0512
23.2674
17.9595
17.0581
12.2844
10.1182
9.4417
8.1098
7.9141
6.7044
6.1157
5.5817
5.3385
5.0346
5.2999
4.5477
4.2412
3.9179
3.7944
3.6568
3.5257
3.4025
3.4420
3.2258
3.0773
2.9564
3.0075
2.8986
2.8631
2.6704
2.6187
2.5607
2.5274
2.4849
2.6097
2.4073
2.3928
2.2559
2.2794
2.1842
2.2213
2.1364
2.2225
2.0742
2.0480
2.0594
1.9614
2.0123
2.0265
2.0239
1.8765
1.9035
1.8966
1.8514
1.8486
1.8333
1.8000
1.8133
1.7957
1.7145
1.7326
1.6888
1.7393
1.6778
1.6715
1.6875
1.6725
1.6433
1.6648
1.6056
1.6306
1.5975
1.5898
1.6083
1.5664
1.5832
1.5635
1.5493
1.5325
1.5322
1.5153
1.5321
1.5241
1.4989
1.4855
1.5272
1.4854
1.4700
1.4473
1.4509
1.4557
1.4528
1.4560
1.4554
1.4307
1.4434
1.4150
1.4142
1.4073
1.4019
1.4180
1.3871
1.4040
1.3739
1.3902
1.3745
1.3673
1.3621
1.3823
1.3825
1.3618
1.3483
1.3551
1.3366
1.3493
1.3390
1.3379
1.3201
1.3389
1.3660
1.3538
1.3327
1.3222
1.3215
1.3069
1.3109
1.3020
1.2933
1.3022
1.3021
1.3025
1.2873
1.2923
1.2756
1.2957
1.2843
1.2936
1.2749
1.2758
1.2670
1.2740
1.2448
1.2848
1.2745
1.2764
1.2682
1.2489
1.2549
1.2568
1.2628
1.2461
1.2708
1.2401
1.2422
1.2454
1.2379
1.2323
1.2254
1.2279
1.2256
1.2400
1.2223
1.2311
1.3438
1.2002
1.2278
1.2361
1.2239
1.2687
1.2362
1.2098
1.2167
1.2259
1.2238
1.2245
1.2205
1.2074
1.2173
1.2124
1.2034
1.2113
1.2142
1.2038
1.1959
1.2179
1.2036
1.2067
1.1889
1.1874
1.1894
1.2040
1.1946
1.2018
1.1969
1.1722
1.1837
1.1911
1.1814
1.1871
1.1833
1.1856
1.1910
1.2011
1.1778
1.1823
1.1706
1.1703
1.1717
1.1797
1.1724
1.1675
1.1604
1.1562
1.1702
1.1660
1.1740
1.1650
1.1662
1.1650
1.1725
1.1603
1.1662
1.1562
1.1453
1.1495
1.1716
1.1642
1.1549
1.1586
1.1547
1.1875
1.1804
1.1458
1.1484
1.1486
1.2969
1.1515
1.1641
1.1441
1.1499
1.1406
1.1415
1.1440
1.1546
1.1435
1.1451
1.1422
1.1406
1.1395
1.1595
1.1399
1.1875
1.1269
1.1446
1.1381
1.1404
1.1386
1.1309
1.1376
1.1370
1.1491
1.1351
1.1248
1.1307
1.1329
1.1408
1.1255
1.1250
1.1296
1.1318
1.1269
1.1193
1.1363
1.1296
1.1278
1.1404
1.1276
1.1302
1.1238
1.1263
1.1327
1.1210
1.1262
1.1223
1.1269
1.1282
1.1220
1.1238
1.1210
1.1173
1.2188
1.1132
1.2031
1.1241
1.1086
1.1250
1.1406
1.1102
1.1266
1.1153
1.1180
1.1049
1.1182
1.1406
1.1254
1.1719
1.1017
1.1158
1.1099
1.1148
1.1023
1.1172
1.1075
1.1180
1.1197
1.1148
1.1316
1.1041
1.1094
1.0996
1.1103
1.1049
1.1074
1.1250
1.1142
1.1070
1.1025
1.1719
1.1011
1.1045
1.0988
1.0953
1.1054
1.1133
1.1203
1.0987
1.1042
1.0938
1.1052
1.1406
1.1109
1.1033
1.1115
1.1023
1.1030
1.1057
1.0893
1.1040
1.1615
1.1029
1.1207
1.0910
1.0971
1.1044
1.1406
1.1019
1.0960
1.0855
1.1003
1.0984
1.0936
1.0873
1.0903
1.1039
1.0860
1.0930
1.1040
1.0900
1.1094
1.1875
1.0909
1.0909
1.0881
1.1100
1.0806
1.0906
1.0912
1.0838
1.0984
1.0888
1.0861
1.0889
1.1038
1.0677
1.0886
1.0858
1.1719
1.0819
1.0876
1.0853
1.0843
1.0867
1.0890
1.0822
1.0852
1.0873
1.0851
1.0886
1.1562
1.0882
1.0882
1.0815
1.0827
1.0914
1.0875
1.0875
1.0852
1.0794
1.0795
1.0826
1.0799
1.0979
1.0818
1.0849
1.1250
1.0860
1.0783
1.0852
1.0672
1.0802
1.0787
1.1406
1.0861
1.0891
1.0856
1.0807
1.0844
1.0852
1.0836
1.0806
1.0684
1.0645
1.0625
1.0816
1.0719
1.0734
1.0751
1.0789
1.0764
1.0772
1.1250
1.0824
1.0857
1.0845
1.0748
1.0796
1.0795
1.0818
1.0802
1.0756
1.0642
1.0791
1.0739
1.1406
1.0653
1.0682
1.0704
1.0808
1.0797
1.0715
1.0710
1.0641
1.0800
1.0730
1.0698
1.0720
1.0727
1.0674
1.1406
1.0811
1.0734
1.0695
1.0717
1.0823
1.0795
1.0643
1.1094
1.0763
1.0782
1.0682
1.0673
1.0713
1.0681
1.0850
1.0692
1.0710
1.0747
1.0689
1.0667
1.0668
1.0698
1.0626
1.0690
1.0682
1.0667
1.0695
1.0688
1.0643
1.0625
1.0673
1.0666
1.0678
1.1016
1.0859
1.0649
1.0669
1.0678
1.0710
1.0680
1.0686
1.0594
1.0469
1.0619
1.1094
1.0632
1.0625
1.0482
1.0633
1.0639
1.0643
1.0657
1.0661
1.0670
1.0513
1.0938
1.0637
1.0704
1.0639
1.0674
1.0511
1.0644
1.0670
1.0658
1.0686
1.0703
1.0675
1.0573
1.0625
1.0670
1.1094
1.0637
1.0644
1.0692
1.0789
1.0938
1.0603
1.0697
1.0594
1.0596
1.0500
1.0766
1.0608
1.0636
1.0781
1.0547
1.0589
1.0600
1.0700
1.0601
1.0645
1.0545
1.0599
1.0312
1.0781
1.0781
1.0487
1.0559
1.0573
1.0613
1.1094
1.0589
1.0594
1.0518
1.0644
1.0528
1.0554
1.0572
1.0555
1.0587
1.0469
1.0672
1.0577
1.0648
1.0558
1.0538
1.0541
1.0520
1.0667
1.0695
1.0558
1.0567
1.0640
1.0644
1.0553
1.0557
1.0634
1.0494
1.0494
1.0547
1.0520
1.0518
1.0492
1.0547
1.0488
1.0638
1.0564
1.0654
1.0507
1.0516
1.0553
1.0729
1.0526
1.0781
1.0676
1.0481
1.0501
1.1562
1.0494
1.0644
1.0532
1.0524
1.0520
1.0525
1.0523
1.0625
1.0504
1.1094
1.0938
1.0518
1.0474
1.0515
1.1250
1.0510
1.0506
1.0625
1.0672
1.0516
1.0490
1.0509
1.0938
1.0638
1.0938
1.0523
1.0545
1.0692
1.0469
1.0492
1.0486
1.0480
1.0492
1.0496
1.0503
1.0529
1.0521
1.0729
1.0312
1.0486
1.0517
1.0468
1.0495
1.0781
1.0485
1.1406
1.0469
1.0471
1.0469
1.0470
1.0469
1.0489
1.0546
1.0484
1.0650
1.0536
1.0504
1.0485
1.0515
1.0474
1.0499
1.0509
1.0495
1.0516
1.0480
1.0465
1.0494
1.0507
1.0511
1.0464
1.0516
1.0504
1.0781
1.0469
1.0513
1.0501
1.0614
1.0312
1.0455
1.0625
1.0476
1.0500
1.0515
1.0491
1.0500
1.0475
1.0461
1.0529
1.0455
1.0460
1.0464
1.0639
1.0473
1.0475
1.0504
1.0478
1.0494
1.0513
1.0450
1.0482
1.0486
1.0477
1.0451
1.0470
1.0313
1.0446
1.0437
1.0444
1.0448
1.0449
1.0457
1.0466
1.0469
1.0461
1.0461
1.0497
1.1406
1.0473
1.0781
1.0513
1.0573
1.0312
1.0440
1.0474
1.0625
1.0468
1.0490
1.0423
1.0423
1.0505
1.0425
1.0446
1.0500
1.0469
1.0479
1.0440
1.0420
1.0444
1.0449
1.0423
1.0447
1.0493
1.0938
1.0459
1.0478
1.0415
1.0459
1.0431
1.0465
1.0466
1.0419
1.0703
1.0605
1.0512
1.0437
1.1094
1.0469
1.0450
1.0425
1.0427
1.0423
1.0312
1.0424
1.0428
1.0406
1.0330
1.0469
1.0471
1.0418
1.0446
1.0625
1.0469
1.0486
1.0413
1.0403
1.0625
1.0401
1.0500
1.0424
1.0482
1.0419
1.0781
1.0496
1.0469
1.0409
1.0418
1.0401
1.0312
1.0404
1.0497
1.0400
1.0410
1.0403
1.0506
1.0402
1.0395
1.0373
1.0394
1.0408
1.0404
1.0415
1.0396
1.0393
1.0389
1.0414
1.0488
1.0385
1.0403
1.0390
1.0388
1.0412
1.0406
1.0393
1.0390
1.0398
1.0460
1.0387
1.0388
1.0312
1.0396
1.0313
1.0395
1.0330
1.0625
1.0394
1.0397
1.0400
1.0392
1.0403
1.0393
1.0531
1.0344
1.0385
1.0625
1.0625
1.0381
1.0318
1.0340
1.0312
1.0330
1.0386
1.0375
1.0356
1.0625
1.0312
1.0625
1.0368
1.0306
1.0312
1.0379
1.0000
1.0348
1.0386
1.0384
1.0310
1.0367
1.0312
1.0374
1.0373
1.0369
1.0312
1.0422
1.0469
1.0453
1.0469
1.0312
1.0312
1.0473
1.0312
1.0380
1.0366
1.0373
1.0625
1.0625
1.0350
1.0625
1.0350
1.0329
1.0354
1.0938
1.0370
1.0370
1.0000
1.0330
1.0469
1.0360
1.0351
1.0306
1.0437
1.0312
1.0301
1.0362
1.0312
1.0358
1.0313
1.0625
1.0469
1.0368
1.0625
1.0469
1.0341
1.0316
1.0373
1.0354
1.0366
1.0156
1.0345
1.0312
1.0625
1.0469
1.0338
1.0336
1.0361
1.0345
1.0349
1.0352
1.0362
1.0312
1.0303
1.0781
1.0341
1.0625
1.0417
1.0316
1.0781
1.0328
1.0469
1.0307
1.0330
1.0156
1.0344
1.0339
1.0323
1.0346
1.0331
1.0625
1.0305
1.0297
1.0330
1.0329
1.0330
1.0391
1.0391
1.0341
1.0315
1.0346
1.0469
1.0156
1.0335
1.0312
1.0329
1.0352
1.0314
1.0625
1.0625
1.0311
1.0300
1.0312
1.0437
1.0326
1.0343
1.0339
1.0469
1.0000
1.0500
1.0333
1.0345
1.0308
1.0339
1.0354
1.0338
1.0312
1.0354
1.0344
1.0521
1.0321
1.0469
1.0331
1.0312
1.0333
1.0469
1.0302
1.0345
1.0351
1.0362
1.0322
1.0469
1.0322
1.0312
1.0314
1.0322
1.0312
1.0313
1.0312
1.0000
1.0316
1.0309
1.0339
1.0299
1.0469
1.0338
1.0363
1.0340
1.0324
1.0375
1.0625
1.0327
1.0322
1.0219
1.0331
1.0312
1.0303
1.0312
1.0469
1.0348
1.0322
1.0314
1.0333
1.0469
1.0345
1.0313
1.0156
1.0311
1.0320
1.0309
1.0312
1.0350
1.0531
1.0156
1.0321
1.0304
1.0348
1.0311
1.0329
1.0346
1.0324
1.0319
1.0521
1.0303
1.0316
1.0312
1.0337
1.0316
1.0302
1.0357
1.0318
1.0352
1.0625
1.0304
1.0469
1.0334
1.0379
1.0321
1.0472
1.0625
1.0156
1.0302
1.0304
1.0305
1.0315
1.0311
1.0314
1.0315
1.0340
1.0781
1.0330
1.0156
1.0285
1.0298
1.0325
1.0469
1.0322
1.0781
1.0312
1.0285
1.0469
1.0308
1.0312
1.0305
1.0354
1.0312
1.0469
1.0287
1.0312
1.0284
1.0293
1.0312
1.0319
1.0312
1.0320
1.0276
1.0297
1.0278
1.0156
1.0324
1.0156
1.0299
1.0469
1.0327
1.0303
1.0326
1.0156
1.0294
1.0317
1.0469
1.0312
1.0000
1.0310
1.0305
1.0312
1.0320
1.0272
1.0312
1.0324
1.0297
1.0313
1.0625
1.0301
1.0304
1.0313
1.0303
1.0315
1.0312
1.0312
1.0260
1.0268
1.0284
1.0469
1.0573
1.0276
1.0312
1.0469
1.0320
1.0285
1.0312
1.0278
1.0275
1.0331
1.0288
1.0547
1.0272
1.0282
1.0315
1.0312
1.0625
1.0312
1.0284
1.0312
1.0341
1.0306
1.0314
1.0277
1.0176
1.0288
1.0469
1.0270
1.0286
1.0313
1.0469
1.0268
1.0261
1.0270
1.0273
1.0260
1.0302
1.0306
1.0303
1.0259
1.0259
1.0312
1.0320
1.0312
1.0277
1.0208
1.0469
1.0312
1.0340
1.0292
1.0312
1.0267
1.0258
1.0266
1.0156
1.0469
1.0271
1.0312
1.0301
1.0275
1.0260
1.0266
1.0329
1.0313
1.0313
1.0253
1.0516
1.0469
1.0469
1.0156
1.0275
1.0321
1.0260
1.0000
1.0269
1.0258
1.0156
1.0258
1.0327
1.0156
1.0156
1.0000
1.0260
1.0251
1.0263
1.0348
1.0312
1.0312
1.0156
1.0251
1.0260
1.0469
1.0335
1.0255
1.0677
1.0253
1.0248
1.0300
1.0312
1.0303
1.0156
1.0244
1.0312
1.0309
1.0270
1.0469
1.0322
1.0391
1.0265
1.0254
1.0312
1.0310
1.0312
1.0231
1.0417
1.0270
1.0156
1.0156
1.0469
1.0261
1.0201
1.0236
1.0241
1.0254
1.0469
1.0256
1.0252
1.0272
1.0156
1.0253
1.0296
1.0256
1.0258
1.0256
1.0156
1.0244
1.0300
1.0256
1.0252
1.0320
1.0237
1.0252
1.0312
1.0263
1.0326
1.0312
1.0248
1.0469
1.0252
1.0240
1.0312
1.0156
1.0266
1.0250
1.0253
1.0156
1.0246
1.0320
1.0312
1.0417
1.0266
1.0156
1.0302
1.0301
1.0243
1.0327
1.0257
1.0625
1.0241
1.0625
1.0242
1.0156
1.0312
1.0156
1.0244
1.0469
1.0304
1.0156
1.0521
1.0246
1.0000
1.0156
1.0156
1.0318
1.0246
1.0000
1.0156
1.0313
1.0156
1.0156
1.0243
1.0309
1.0254
1.0469
1.0306
1.0251
1.0000
1.0156
1.0229
1.0312
1.0156
1.0246
1.0156
1.0313
1.0417
1.0241
1.0358
1.0208
1.0242
1.0256
1.0156
1.0244
1.0234
1.0237
1.0226
1.0312
1.0235
1.0223
1.0296
1.0156
1.0241
1.0308
1.0231
1.0157
1.0156
1.0313
1.0226
1.0229
1.0248
1.0225
1.0235
1.0226
1.0229
1.0234
1.0240
1.0156
1.0236
1.0235
1.0222
1.0224
1.0156
1.0321
1.0239
1.0238
1.0312
1.0000
1.0312
1.0357
1.0000
1.0228
1.0219
1.0312
1.0469
1.0223
1.0231
1.0225
1.0230
1.0228
1.0218
1.0167
1.0223
1.0209
1.0469
1.0229
1.0228
1.0226
1.0229
1.0216
1.0172
1.0230
1.0219
1.0217
1.0156
1.0781
1.0156
1.0227
1.0224
1.0469
1.0224
1.0227
1.0221
1.0219
1.0312
1.0313
1.0000
1.0229
1.0229
1.0156
1.0214
1.0156
1.0216
1.0221
1.0156
1.0156
1.0224
1.0218
1.0156
1.0221
1.0210
1.0229
1.0216
1.0156
1.0313
1.0156
1.0216
1.0625
1.0223
1.0221
1.0232
1.0215
1.0156
1.0225
1.0156
1.0212
1.0213
1.0207
1.0000
1.0231
1.0469
1.0156
1.0156
1.0223
1.0219
1.0365
1.0213
1.0225
1.0219
1.0156
1.0000
1.0218
1.0469
1.0215
1.0206
1.0156
1.0219
1.0156
1.0225
1.0211
1.0000
1.0000
1.0199
1.0225
1.0000
1.0156
1.0312
1.0230
1.0209
1.0210
1.0000
1.0174
1.0215
1.0216
1.0156
1.0203
1.0221
1.0000
1.0209
1.0156
1.0156
1.0211
1.0312
1.0220
1.0469
1.0219
1.0210
1.0227
1.0469
1.0156
1.0213
1.0203
1.0156
1.0220
1.0156
1.0206
1.0313
1.0214
1.0212
1.0156
1.0234
1.0214
1.0156
1.0213
1.0226
1.0156
1.0312
1.0216
1.0312
1.0000
1.0207
1.0469
1.0218
1.0223
1.0166
1.0214
1.0216
1.0203
1.0469
1.0260
1.0000
1.0312
1.0156
1.0207
1.0156
1.0312
1.0312
1.0316
1.0000
1.0198
1.0210
1.0156
1.0156
1.0260
1.0220
1.0260
1.0312
1.0312
1.0156
1.0156
1.0312
1.0156
1.0210
1.0158
1.0212
1.0215
1.0199
1.0156
1.0211
1.0312
1.0156
1.0205
1.0312
1.0219
1.0165
1.0156
1.0207
1.0195
1.0207
1.0312
1.0196
1.0212
1.0312
1.0312
1.0216
1.0212
1.0216
1.0234
1.0156
1.0152
1.0207
1.0212
1.0193
1.0201
1.0207
1.0209
1.0152
1.0200
1.0173
1.0000
1.0194
1.0156
1.0158
1.0211
1.0168
1.0208
1.0000
1.0312
1.0195
1.0156
1.0192
1.0156
1.0156
1.0199
1.0206
1.0215
1.0000
1.0196
1.0195
1.0198
1.0156
1.0202
1.0207
1.0195
1.0203
1.0313
1.0260
1.0156
1.0197
1.0000
1.0156
1.0202
1.0312
1.0194
1.0000
1.0186
1.0260
1.0168
1.0176
1.0196
1.0185
1.0156
1.0196
1.0202
1.0312
1.0469
1.0171
1.0156
1.0191
1.0312
1.0156
1.0156
1.0195
1.0198
1.0180
1.0163
1.0159
1.0198
1.0156
1.0625
1.0164
1.0197
1.0208
1.0196
1.0183
1.0156
1.0625
1.0196
1.0164
1.0176
1.0185
1.0198
1.0469
1.0312
1.0165
1.0192
1.0313
1.0000
1.0312
1.0171
1.0781
1.0200
1.0203
1.0159
1.0156
1.0205
1.0168
1.0156
1.0191
1.0196
1.0156
1.0187
1.0312
1.0193
1.0150
1.0179
1.0195
1.0312
1.0156
1.0312
1.0158
1.0156
1.0185
1.0469
1.0192
1.0000
1.0000
1.0000
1.0312
1.0195
1.0161
1.0000
1.0163
1.0192
1.0469
1.0180
1.0156
1.0195
1.0176
1.0177
1.0196
1.0156
1.0000
1.0170
1.0417
1.0156
1.0156
1.0188
1.0196
1.0195
1.0156
1.0168
1.0177
1.0198
1.0781
1.0169
1.0000
1.0193
1.0200
1.0156
1.0174
1.0938
1.0312
1.0176
1.0176
1.0183
1.0156
1.0156
1.0469
1.0156
1.0186
1.0156
1.0193
1.0000
1.0168
1.0156
1.0152
1.0000
1.0156
1.0469
1.0312
1.0156
1.0156
1.0156
1.0171
1.0192
1.0176
1.0156
1.0187
1.0201
1.0156
1.0166
1.0312
1.0000
1.0190
1.0176
1.0165
1.0000
1.0156
1.0313
1.0156
1.0156
1.0178
1.0155
1.0192
1.0184
1.0000
1.0188
1.0156
1.0156
1.0156
1.0156
1.0156
1.0156
1.0156
1.0152
1.0154
1.0312
1.0175
1.0164
1.0176
1.0156
1.0156
1.0186
1.0000
1.0171
1.0156
1.0000
1.0156
1.0155
1.0156
1.0000
1.0191
1.0312
1.0186
1.0154
1.0177
1.0183
1.0164
1.0156
1.0000
1.0174
1.0156
1.0156
1.0156
1.0173
1.0156
1.0312
1.0000
1.0183
1.0156
1.0165
1.0186
1.0154
1.0417
1.0156
1.0161
1.0312
1.0156
1.0156
1.0178
1.0156
1.0186
1.0312
1.0156
1.0000
1.0156
1.0182
1.0469
1.0000
1.0177
1.0000
1.0156
1.0000
1.0156
1.0158
1.0174
1.0171
1.0469
1.0000
1.0299
1.0167
1.0152
1.0166
1.0312
1.0144
1.0157
1.0175
1.0312
1.0195
1.0156
1.0312
1.0156
1.0156
1.0469
1.0161
1.0154
1.0156
1.0208
1.0171
1.0000
1.0000
1.0156
1.0173
1.0156
1.0312
1.0153
1.0208
1.0312
1.0156
1.0156
1.0173
1.0156
1.0154
1.0158
1.0000
1.0156
1.0151
1.0156
1.0174
1.0156
1.0153
1.0469
1.0161
1.0000
1.0156
1.0156
1.0165
1.0156
1.0312
1.0000
1.0000
1.0156
1.0179
1.0153
1.0172
1.0156
1.0000
1.0260
1.0159
1.0156
1.0312
1.0176
1.0183
1.0163
1.0156
1.0156
1.0156
1.0156
1.0164
1.0168
1.0312
1.0156
1.0156
1.0165
1.0156
1.0156
1.0164
1.0164
1.0156
1.0156
1.0158
1.0000
1.0178
1.0000
1.0154
1.0156
1.0000
1.0156
1.0156
1.0146
1.0150
1.0156
1.0156
1.0152
1.0469
1.0312
1.0172
1.0169
1.0153
1.0281
1.0170
1.0154
1.0151
1.0166
1.0156
1.0153
1.0312
1.0164
1.0155
1.0161
1.0312
1.0156
1.0156
1.0156
1.0156
1.0156
1.0156
1.0148
1.0174
1.0312
1.0167
1.0469
1.0163
1.0153
1.0153
1.0469
1.0183
1.0154
1.0312
1.0000
1.0152
1.0152
1.0175
1.0313
1.0156
1.0219
1.0000
1.0143
1.0312
1.0312
1.0156
1.0312
1.0165
1.0152
1.0000
1.0165
1.0156
1.0312
1.0156
1.0375
1.0165
1.0312
1.0158
1.0165
1.0156
1.0312
1.0163
1.0156
1.0000
1.0000
1.0312
1.0174
1.0144
1.0183
1.0000
1.0312
1.0147
1.0156
1.0156
1.0000
1.0163
1.0151
1.0469
1.0000
1.0156
1.0158
1.0156
1.0158
1.0169
1.0156
1.0158
1.0312
1.0000
