Transposed:
    0.0   76.6   53.7   46.4   68.9    0.1   69.6   51.7   38.6   60.8   61.7   83.7    4.5   82.1   61.1    0.5   80.3   90.9   39.0   36.9   94.1   12.7   83.4   73.0   83.0    8.2   85.8   62.1   92.6   91.3   14.0   30.0   48.2   54.5   21.7   20.0   78.3   43.0   70.4   78.7   75.7   69.3   45.0   24.1   93.5   43.3   40.0   95.7   77.0   71.5
   13.2   47.8   46.8   96.1   70.2    0.1   75.3   66.1   62.7   12.6   37.1   70.0    4.1   15.5   66.8   93.6   52.2   36.2   33.4   46.3   59.7   96.1   79.2   83.2   14.1   36.3   13.8   34.3   94.9   54.7   33.4   74.6   91.1    7.3   17.3   16.4    0.5   94.6   59.9   27.9    6.5   17.2   23.4   87.8   96.8   51.6   74.3    9.6   11.7   18.4
   75.6   23.8   28.7   12.6   98.7   77.3   67.0   40.2   65.9   55.3   22.5   38.9   15.3    4.1   49.5   27.5   86.2   85.9   69.4   62.8   12.6   85.7   84.9   87.8   80.1   10.1   39.9    2.4   46.7   17.3   30.9   99.2   70.3   55.7   38.5   28.1    8.7   79.9   69.1   81.5   27.5   25.1    2.3    8.9   58.7   32.3   98.0   59.8   38.3    6.3
   45.9   27.5   17.8   20.0   95.4   72.7   63.3   60.6   70.9   95.4   23.4   93.5   76.7   34.4   57.2   85.9   27.7   79.4   14.5   94.4   24.7   21.7   28.2   13.0   22.7   29.9   38.7   17.1   28.2   48.7   35.4   76.6   39.9   38.3   37.5   19.7    5.9   37.7    7.4   70.3   77.1   94.7   52.8   37.7   88.5   54.3   34.6   12.3    5.1   87.7
   53.3   35.9   15.4   31.9   85.1   31.9    5.6   98.7   53.9   35.7   65.3   60.6    6.2   11.0   58.9   27.9   86.9   42.9   29.2   40.6   88.7    0.7   26.5   34.3   39.9   84.2   84.6   61.1   46.0   81.4   16.3   42.9   16.8   48.1   26.4   79.3   92.7   24.7   88.0   89.8   37.4   74.3   87.2   59.4   34.6   98.4   38.0   43.4   12.3   64.0
   21.9   16.7   57.2   62.9   28.9   41.8   59.8   15.0   28.0   83.8   16.6   36.2   51.9    9.7   44.1   95.2   58.7    7.4   66.7    5.0   19.6   78.2   17.0   94.2   59.9   91.3    5.6   42.4   43.1   93.7   32.2   64.2   90.2   39.1   16.5   87.2   21.5   82.9   20.3   87.0   30.3   82.0   33.9   80.4   86.9   61.2   96.3   12.0    4.7    5.4
    4.7   48.7   80.2   12.7   53.7   68.2   22.7   67.0   81.6   97.4   74.4   54.0   92.9   51.9   15.1   50.7   38.9   49.9   85.4   44.5   16.3    5.0   53.4   36.2   65.5   82.8   45.7   56.8   86.6   58.3   38.0   46.4   21.0   40.9   85.7   78.9   78.1    4.2   21.7   41.3   35.4   28.9   45.9   39.0    0.7    0.7   82.9   39.7   16.5   57.0
   67.9   89.8    3.3   65.1   51.4   68.1   31.9   34.4   37.2   25.9   16.0   45.5   22.1    2.2   50.2   12.3   81.2   48.4   31.5   59.6   83.6   96.0    7.3   35.2    5.4   97.0   76.6   73.0   19.9   54.9   64.1   10.2   54.8   55.9   24.5    9.1   25.4   22.9   73.3   18.2   96.7   33.3   67.5   64.8   19.2   98.1   10.0   13.4   79.4   93.7
   67.9   90.9   53.4   62.2   10.3   20.5   70.0   54.2   68.6   25.2    4.8   40.2   20.5   56.1   73.1   41.6   52.6   45.1   14.4   74.8   60.2   64.1   99.9    8.1   98.6   81.3   29.2   37.4   38.5   47.2   60.2   18.2   37.3   94.1   89.3   16.0   28.7    9.4   78.6   55.4   62.2   65.6   18.8   79.8   31.2   52.7   13.3   66.1   34.6   93.3
   93.5    6.1   49.8   80.3   41.4   83.6   11.7   52.3   31.0   42.4   66.2   24.0    8.9   85.7    3.2   70.2   94.0   50.0   60.2   86.4   62.3   57.3   75.0   57.2   81.2   79.8   96.2   36.6   75.9   75.3    3.8   86.3   26.3   69.9   79.1   24.7   73.8   86.1   95.8   53.1   69.8   83.5   59.7    6.3   22.6   64.3   10.4   42.2   28.0   88.5
   38.4   90.5   95.5   24.8   57.7   70.9   76.3   82.9    0.9   81.3   12.5    8.3   70.0   51.7    5.2   43.6   42.0   74.1    0.6   13.1   83.9   13.7   12.2   77.6   41.4   84.0  100.0   37.6   81.4   33.2   33.5   50.3   80.7   59.0   96.4   76.1   29.6    4.3   71.5   35.1   34.7   42.4   35.7   98.1   51.0   62.7   78.5   67.4   84.2   36.0
   51.9   50.5   74.8   47.6   87.7   82.9   52.6    1.5   10.4   89.8   94.9   42.2   70.6   67.5   52.2   10.8   58.0   93.3   92.1   10.5   67.2   12.9   16.5   84.4    3.2   44.9   99.9    8.7   67.3   17.2    7.8   93.1   23.6    1.1   25.1   51.7   47.3   95.5   74.0   72.5   15.4   44.1   82.1   59.2   81.8   19.1   79.4   25.8   22.3   32.2
   83.1   51.6   55.5   38.9   44.0    9.5   55.4   27.4   52.1   24.5   48.4   47.2   49.5   73.7   32.1   76.6   74.9   30.0   38.2   66.5   39.2   82.5   42.5   49.3   10.8   64.2   74.2   58.3   72.2   51.3   54.4   89.8   65.9   28.3   28.4   39.2   91.0   82.4   19.5   97.2   51.6   43.1   42.3   96.2   22.0   28.5   78.0   47.3   13.0   54.0
    3.5   31.9   89.1   20.3   73.0    8.2   58.8   64.3   77.6   76.1   62.1   29.0   26.2   69.8    3.5   10.0   88.1   14.6   51.7   83.3   87.1   50.2   77.3   81.7   97.4   69.4   35.0   41.8   68.3   38.0   49.1   29.1   33.6   38.7   55.0   86.8   92.3   86.9   21.5   23.5   56.5    5.9    5.2   33.1   54.4   17.2   38.0   57.0   50.8   17.6
    5.3   98.7   62.5    2.8   86.9   76.4   33.0   54.6   22.1   69.5   91.4   10.5   71.2    2.3   24.5   44.1   33.8   11.0   34.4   58.1   66.7   65.6   21.4   64.3   86.7   81.6   79.7   11.1   31.4   82.8   28.8   62.9   52.2   74.6   71.9   33.3   89.2   51.2    2.0   14.1   69.6   38.3   84.5   86.4   19.2   44.4   35.1   78.0   26.3   96.5
   53.0   49.4   84.2   90.2   71.6   63.0   70.3   91.8    5.5   45.2    1.8   21.6   37.8   19.2   10.7   34.5   19.0    8.0   26.4   65.9   11.6   50.5   43.4   43.5   67.1   46.8   19.9   32.5   16.8   96.7   25.3   97.5   45.3   56.6   51.5   59.7   25.1   75.0   83.9   23.8   68.9   64.4   13.9   25.1   18.3   92.9   14.0   18.7   29.9   16.3
   67.1   26.6   16.0   42.6   80.1   21.4   14.3   26.7    7.1   26.4   59.4   80.2   20.1   67.1   38.3   29.7   74.3   97.2   29.1   98.2    0.0   52.6    3.3   35.2   83.4   19.4   60.1   68.5   68.8    0.5   43.9   54.4   60.7   55.4   48.6   78.0   75.2   99.8   76.1   80.2   80.8   51.8   92.4   47.3   64.5   14.4   24.3   23.3   28.5   72.0
    0.8    9.1   21.3   14.2   70.7   21.4   16.2   97.0   16.0   66.6   72.2   52.7   23.3   34.6   55.2   75.8   71.9   40.8   83.4    1.9   67.6   11.8   92.9   34.9   23.8   40.2   54.3   56.4   92.1   30.1   65.9   83.1   66.7   26.9   35.2   98.7   68.4   41.7   21.9   82.2   45.9   20.9   85.6   15.9   89.4   39.7    9.7   15.4   11.0   98.6
   38.3   94.8   71.5   94.7   74.2    8.1   48.5   24.7   72.4   11.7   49.7   66.9   43.6    6.6   59.7   33.9   87.9   23.8   12.4   92.1   62.9   90.3   10.6   28.2   71.7   93.1   25.2   87.2   16.6   45.5   32.6    5.5    2.2   11.7   85.8   95.4   46.8   21.2   42.0   40.1   73.6   73.8   82.0   87.1   49.5   87.2    2.4   63.4   51.1   16.1
    6.7    7.4   13.0   41.0    1.9   38.9   86.0   84.4   29.7   21.0    5.4   86.4   46.9   14.1   61.1   33.1    7.3   96.3   63.5   19.5   45.5   66.9   26.6   91.9   59.0   46.7   20.2   53.2    0.4   89.0    0.2   19.0   81.9   16.2   41.2   82.3   47.4   40.4   27.1   86.8   16.2   68.9    2.2   71.5   27.9   19.6   12.1   60.1   14.7   64.4
   41.7   50.1    9.1   13.1   88.6   95.2   81.3   69.4    5.1   11.4   44.2   24.4   86.1   92.1   93.5    5.6   71.0   83.3    4.9   96.8   57.4   27.8   48.2   62.6   22.3   37.8   57.6   97.5   17.6   84.4   97.3   97.5   37.7   35.4    2.0   77.7   20.9   10.9   67.7   60.2   32.8   51.3   97.5    4.0   13.9   75.6   70.4   48.6   98.0   66.1
   68.7   38.4   27.5   88.6   52.5   94.8   55.7   45.6   47.8   54.7   51.9   71.2   97.7   22.2   77.2   57.3   87.9   19.8   45.8   52.3    3.2   38.7   79.3   74.5   22.8   51.8   51.4    6.0   17.8   25.0   10.1   76.5   54.2   80.8   91.6   68.6   50.6   36.2   83.6    3.9    1.2   36.7   27.6    7.2   35.2   80.1   71.3    9.7   82.2   93.8
   58.9   27.7    0.3    9.2   46.3   39.0   73.9   81.7   45.7    0.6   77.2   26.4   44.5   38.0   51.3   48.5   35.9   12.9   37.7   27.9   35.1   39.1   25.8   15.8    0.2   22.8   74.8   47.5   19.8   73.4   31.8   87.0   97.0   26.6   96.0   84.2   89.8    9.7    5.0   75.5   44.1   50.2   73.6   79.0   18.4   86.9    8.9    3.1   90.6    7.3
   93.0   91.4   41.4   16.2    6.5   26.9   31.6    2.2   52.0   17.6    6.5   38.3    3.4   58.6   48.7   20.2    9.0   19.6   15.6   72.0   85.5   83.1   21.4   77.6   44.8   89.9   60.8   11.0   66.8   84.0   95.6    3.2   74.6   19.2   56.9   62.8   83.5   20.4   62.3   48.8   80.5   12.4    9.9   18.6   69.3   82.4   58.0   34.3   68.8   77.8
   84.6   53.0    2.7    7.1   71.3   69.2   13.5   16.1   44.6   59.9   44.3    8.1   52.4   16.7   65.0   11.4   16.1   33.9   75.6   59.0   37.1   24.3   28.2   25.2   41.0   98.6   99.0   99.2   67.4   42.3   34.9   51.8   79.3   41.4   99.8   76.8   95.9   38.7   63.4   97.9   93.3   41.6   82.9    4.1    8.2   32.8   93.1   78.5   30.9   19.1
   52.7   46.4   71.0   36.5   48.9   28.4   52.9   70.7   15.0   43.2   97.7   46.0    3.2    2.6   69.7   97.4   41.7   57.6   66.6   83.7   66.1   12.3   38.1   61.2   93.3   13.7   79.8   55.0   51.7   70.8   16.5   37.5   75.9   64.8   40.1   39.7   97.3   82.4   45.8   35.5   56.3   81.3   78.2   23.8    4.3   57.1   58.8   91.7   22.6   44.3
    9.2   94.1   93.8   25.3   66.8   77.7   31.1   70.8   28.6    8.3   46.8   23.3   75.3   69.1   40.8   86.5    9.6   44.0    1.2   83.5   57.6   72.8   20.8   85.5    2.2   45.8   55.5   69.9   32.3   40.6   98.5   97.0   45.3   53.0   58.8   58.5   91.8   89.9   11.0   73.0   56.7    2.9    1.2   68.3   36.1   60.3   59.0   41.3   66.4   49.6
   65.4    5.0   24.0   13.5   68.2   78.4   58.8   43.7   83.4   68.7   32.9   79.5   59.2   76.2   48.7   49.2   67.5   58.6   79.5   66.0    6.0   64.8   92.9   31.5   51.3   68.9   14.7   12.7   46.7   52.6   11.6   19.3   40.7    7.3   80.6   42.0   14.9   96.6   72.5   16.5   57.6   54.1   79.7   19.3   24.4    8.4   99.5   93.1   16.3   13.2
   41.6   76.2   18.1   78.3   20.0   42.2   51.8   58.2   69.6   37.5   44.6   49.1   82.3   71.4   48.0   36.7   56.3   43.3   56.1   73.0   74.4   20.1   76.4   60.8   37.7   27.9   10.7   47.5   32.1   52.6    4.2   22.9   24.4   47.0   40.8   80.2   26.3   81.7    1.8   87.9   98.8   11.6   60.5   65.1   29.7   80.6   57.6   26.6   19.9   49.8
   70.1   77.0   31.8   45.5   91.7   28.2   43.1   75.2   57.8   83.6   74.3    0.3   33.0    7.7   71.0   80.5   81.3   36.8   28.9   64.3   27.9   84.9   61.7   12.6   86.0   40.9   52.4    5.9    9.4    9.2   96.1   59.7   70.2   37.9    4.3   47.8   39.6   41.7   41.3   31.0   72.8   73.3    1.7   34.4   57.1   10.9    6.5   24.5   69.9   34.1
   91.0   82.8   88.7   35.0   86.6   19.4   25.9   99.2   68.1   12.4   20.5   26.6   23.2   59.0   53.4   16.2   87.8   38.2   41.6   35.0   44.3    2.3   57.6   37.4   79.4   74.0   24.6   44.5   87.0   40.4   78.5   89.7   21.4    9.9   54.5   69.1   77.1   81.7   53.8   67.8   11.1   63.2   54.7   27.3   38.4   41.7   27.3   40.7   11.1   38.2
   76.2   12.5   65.2   45.2   89.0    1.1   37.0   69.6   33.1   97.3   17.1   66.5   53.7   92.6   27.7   16.0   76.9   60.0   32.1   53.5   17.6   10.6   35.6   13.3   60.9    3.1   57.2   91.8   44.5   78.2   22.0   54.9   66.1   49.3   13.0   81.4   77.1   72.5   10.2   15.0   51.1   55.0   62.7   31.7   35.1   74.4   37.6   80.0    8.2   36.6
   26.2    1.6   15.0   80.9   54.4   19.2   39.3   28.0    5.7    3.0   37.3   42.5   43.1   93.0   60.6    5.8   63.5   42.9   51.5   66.4    9.2   18.8   90.8   26.2   33.2   30.4   33.4   44.0   14.8   26.5   10.1    8.5   40.7   13.3   57.5   55.1   77.6   45.9   64.0   28.8   44.4   51.1    2.9    2.3   86.7   32.4   25.7   14.2    3.7   62.9
    4.7   68.8   68.1   93.2   13.9   98.3   44.7   75.4   98.7    8.0   94.0   18.7   40.4   43.0   28.0   14.9   89.7   14.9   71.9   32.3   89.7   36.1   19.8   12.6   62.4   19.3   67.9   85.9   65.2   30.8   25.5   77.7   27.6   21.6   96.9   29.5   45.4   41.5   43.6   90.7   47.5   70.7   31.2   98.0   28.9   66.0   23.8   58.7   12.7   72.5
   73.6   86.8   38.6   65.2   45.0   24.4   47.6   17.1   54.2   49.4   96.5   96.3   98.7   50.6   70.3   46.8   87.8   67.0   84.2   86.9   99.2   78.0   11.4   20.3   65.4   81.3    6.9   99.7   94.2   18.5   43.8   77.1   34.3   43.8   68.1   58.7   41.9   59.3    2.8    2.2   54.5   51.2   57.7   22.8   91.9   50.4   81.0   59.3   18.6   93.6
   32.8   63.0   38.8   21.5   98.9   82.0   38.8    0.4    0.2   76.9   25.5   13.4   96.7   83.1   53.0   38.1   48.6   99.5   23.2   44.2   59.4   71.9   79.1   75.1   64.4   27.5   84.5   54.9   88.2   75.7   24.3   70.8   30.1   35.3   20.7   47.4   63.6   60.3   24.2   59.2   58.5   72.1   32.1   66.2   32.1   50.7   98.3   81.2   23.4   77.3
   63.3   73.6   50.0   68.0   21.6   13.6   27.9   49.6   85.6   93.4    7.0   79.6   85.1   91.9   93.8   88.4   11.3   69.8   46.5   91.8    3.3   66.6   69.8    7.1   25.9   71.8   87.6   12.4   66.1   62.1   28.3    5.2   68.8   99.4   56.4   89.9   64.7   66.8   33.0   94.5   14.8   97.6   65.2   22.1   74.7   89.9   27.5   68.0   84.7    0.1
   75.6   72.5   14.8   90.9   44.6   39.8    7.8    8.0    2.9   25.0   12.4   94.6   86.8   60.2   23.5   42.4   37.7   40.3   37.3   27.7   69.1   58.1    1.8   45.9    2.6   40.9   33.2   84.6   20.4   64.5   54.9   88.4   95.4   89.2   83.1   42.9   74.2   98.7   63.2   82.9   72.6   70.5   81.4   92.9   66.2   17.6   13.4   51.6   85.8   86.6
   99.1   99.9   58.7   25.0   31.6   60.1   37.0   16.3   37.8   36.0   52.6   17.1   31.2   72.4   41.3   41.2   38.3   84.9    5.0   95.2   48.7   35.1   74.8   96.3   98.7   78.5   14.5   19.0   17.0   32.7   88.2    7.2   77.8   35.0   29.3   26.0   82.9   73.9   37.6   56.8   52.5   94.6   73.6    6.2   79.4   45.3    4.5   82.3   29.1   50.6
   36.5   88.9   84.6   86.1   51.5   17.7   25.4   90.3   49.0   76.9   16.0   60.6   14.8   51.9   59.7   65.1   68.8   82.0    7.4   11.7   56.9   15.7   11.5   23.5   20.8   72.2   74.4   66.4    1.6   15.4   85.2   99.5   90.2   43.9   30.6   46.4   27.2    0.4   54.5   21.1   34.5   38.2   73.7   78.6   93.4   26.8   64.2   65.9   36.9   42.0
   24.7   23.3   59.0   47.1   88.2   82.8   67.2   78.3   57.6   50.0   51.8    6.4   99.8   49.1   78.3   30.8   12.2   79.3   20.2   41.6   89.6   29.2   89.5   19.8   64.2   57.7   66.2   65.6   16.5   18.4   67.0   27.0    2.2   80.2   97.8    0.0   78.0   62.5   76.9    3.0   58.8   63.0   68.7   28.8   51.6   40.9   57.9   55.1   47.9   39.3
   98.3   30.6   95.5   50.6   44.0   15.8   67.6   74.7   73.9   74.9   10.5   34.7   64.0   16.1   92.0    6.0    7.7   37.4   56.6   83.6   43.5   16.9   65.5   68.4   56.0   63.3   40.3   97.3   10.9   45.5   55.8   50.0   97.4   98.2   98.5   65.8   18.0   13.0    7.9   58.2    3.3   18.4   13.0   65.1   79.5   45.5   65.6   38.3   20.1   65.5
   72.3   35.1   55.6   60.0   46.8   98.8   51.4   43.6   67.9   67.2   84.2   29.2   46.8   97.6   68.1   81.4   14.3    1.0   83.2   96.3   68.9   22.4   34.6    8.1   37.7   79.9   58.5   45.8   36.1   53.3   75.8   68.7    5.4   30.1   58.4    9.2   12.0   89.6   76.3   64.2   90.9   48.9   75.4   38.5   80.9   95.4   53.5   75.5   66.5   53.8
   75.3   51.3   14.8   81.8   80.7   25.7   72.9    0.6   53.6   68.2   36.9   51.0   93.2   57.4   82.1   89.8   47.8   48.0   42.3   33.3   20.3   67.1   38.2   85.4   12.1    0.0   55.5   15.9   56.1   16.2   90.2   74.8   41.0   57.7   33.3   56.2   78.8   67.8    4.8   15.5   75.8   30.4   31.6   18.1   30.8   95.9   35.1   19.4   69.0   62.4
   65.2   59.1   98.3   75.6   36.5   23.4   72.1   58.5    3.6   75.7   42.4   82.6   69.1   27.3   52.7   91.9   70.9   63.9   84.0   52.6   48.2   40.5   21.5   15.3   44.9   62.8   49.4   13.9   96.4   92.6   85.3   94.5   16.4   55.2   52.2   67.9   99.2   32.8   18.5    6.8   50.8   68.7    0.3   74.1   57.8   48.2   92.0   12.8    4.4   38.0
    7.3   84.6   40.9   46.2   21.2   10.2   94.5   51.8   12.3    3.6   32.7   83.4   81.5   53.1   23.0   90.1   23.8   64.6   29.3   53.6   27.2   88.7   33.1   12.0   13.8   34.6   61.5   28.3   24.5   40.9   76.0   69.0   79.6   14.3    8.2   66.8    7.7   23.7   47.0   30.8   40.9   70.0   10.4   25.7   32.3   17.4   87.9   56.0   76.4   47.3
   63.2   41.2   14.2   95.1   99.9   21.9   46.1    6.7   97.3   23.1   71.4   72.6   54.2   69.9   14.4   77.0   39.1   64.5   18.1   81.8   94.7   57.9    1.8   80.9   58.6   47.2   92.5   97.3    2.4    3.1   23.4   91.2    1.2   50.7   80.8   74.5   42.5   45.1   83.8   57.4   46.3   84.9   56.9   53.4   10.0   68.5    7.8   57.2   22.8   93.9
   88.5   84.2   56.5   63.3   15.4   63.5   94.0   54.4   18.8   22.2   57.7   32.9   57.3   66.7   90.0   17.1   97.6   79.9   35.8   93.0   24.4   34.2   91.4   94.4   54.3   49.2   61.4   59.8    3.0   16.7   99.8   17.1   60.2   50.0   68.2   65.2   84.1   68.1   33.8   36.9   16.3   49.0   88.4    2.4    5.9   51.6   17.2   70.2    1.3   77.0
   27.3   26.9   25.2   43.9   63.0   69.6   32.2   39.0   35.1   56.3   87.2   80.2   15.9    9.7   25.1   57.2   62.9   37.7   93.4   66.3   95.3   43.7   78.5    4.6   48.4   53.0   25.6   85.2   88.6   56.5   26.1   81.5   92.1   73.0   59.5   98.2   63.4   25.9   36.8   21.0   69.3   80.1   21.2   28.2   69.0   90.7   85.2   60.8   88.3   76.6
   43.6   41.5   48.9   82.5   61.6   79.5   46.0   21.6   61.4   65.3   75.8   63.2   94.5   54.9   65.2    3.1   68.1   35.8   58.9   24.3   47.7   70.0   39.3    6.0   88.7   31.9    4.0    6.3   88.6   98.5   37.5   28.3   11.0    8.3   20.4   28.0   94.5   14.6   85.4    3.5    3.5   17.9   61.6   48.4   19.5   59.7   48.3   26.4   23.6   26.4
0.00063400
